03:05:00 12-01-2018 0C100010 2.274 105366 81312 1.250 0.750 0.697 0.697 735.939
03:06:00 12-01-2018 0C100010 1.811 105384 81326 1.200 0.750 0.696 0.699 735.939
03:07:00 12-01-2018 0C100010 1.977 105394 81334 1.500 1.250 0.696 0.695 735.939
03:08:00 12-01-2018 0C100010 1.660 105404 81343 1.300 0.900 0.697 0.699 735.939
03:09:00 12-01-2018 0C100010 2.013 105386 81328 1.450 1.200 0.693 0.696 735.939
03:10:00 12-01-2018 0C100010 1.815 105375 81320 1.300 1.150 0.695 0.697 735.939
03:11:00 12-01-2018 0C100010 1.824 105392 81334 1.550 1.000 0.700 0.699 739.563
03:12:00 12-01-2018 0C100010 0.249 105371 81316 0.800 0.800 0.700 0.701 739.563
03:13:00 12-01-2018 0C100010 -0.109 105367 81314 1.150 0.900 0.700 0.700 739.563
03:14:00 12-01-2018 0C100010 -0.219 105349 81299 1.100 0.750 0.698 0.701 739.563
03:15:00 12-01-2018 0C100010 -0.322 105399 81339 1.650 1.400 0.696 0.698 739.563
03:16:00 12-01-2018 0C100010 -0.280 105405 81344 1.000 0.850 0.698 0.700 739.563
03:17:00 12-01-2018 0C100010 0.009 105415 81352 1.200 0.750 0.700 0.701 739.563
03:18:00 12-01-2018 0C100010 -0.244 105387 81331 1.400 0.950 0.696 0.696 739.865
03:19:00 12-01-2018 0C100010 -0.262 105415 81352 1.500 1.100 0.699 0.701 739.563
03:20:00 12-01-2018 0C100010 -0.237 105385 81330 1.500 0.850 0.698 0.700 739.563
03:21:00 12-01-2018 0C100010 -0.258 105360 81311 0.950 0.800 0.698 0.700 739.563
03:22:00 12-01-2018 0C100010 2.240 105340 81322 3.150 1.300 0.694 0.696 739.563
03:23:00 12-01-2018 0C100010 79.878 105248 81323 12.950 10.400 0.696 0.701 739.563
03:24:00 12-01-2018 0C100010 123.577 105225 81310 13.050 10.850 0.700 0.701 739.261
03:25:00 12-01-2018 0C100010 125.449 105233 81316 13.200 11.250 0.698 0.701 739.563
03:26:00 12-01-2018 0C100010 124.845 105242 81323 13.400 10.600 0.700 0.701 739.563
03:27:00 12-01-2018 0C100010 125.320 105268 81344 13.700 10.250 0.698 0.697 739.261
03:28:00 12-01-2018 0C100010 125.270 105250 81330 13.450 10.600 0.696 0.698 739.261
03:29:00 12-01-2018 0C100010 125.424 105262 81341 13.700 11.050 0.698 0.700 739.261
03:30:00 12-01-2018 0C100010 125.690 105255 81336 13.250 11.050 0.700 0.700 739.261
03:31:00 12-01-2018 0C100010 125.563 105279 81355 13.950 10.550 0.700 0.701 739.261
03:32:00 12-01-2018 0C100010 125.239 105249 81332 13.700 10.700 0.693 0.697 739.261
03:33:00 12-01-2018 0C100010 125.860 105246 81332 13.600 10.650 0.697 0.697 739.261
03:34:00 12-01-2018 0C100010 125.616 105255 81337 13.250 10.700 0.699 0.700 739.261
03:35:00 12-01-2018 0C100010 125.794 105251 81334 13.450 10.350 0.700 0.702 739.261
03:36:00 12-01-2018 0C100010 126.153 105244 81330 13.250 10.650 0.697 0.700 739.261
03:37:00 12-01-2018 0C100010 125.621 105258 81342 13.450 10.650 0.698 0.701 739.261
03:38:00 12-01-2018 0C100010 126.405 105254 81339 13.250 10.950 0.698 0.699 739.563
03:39:00 12-01-2018 0C100010 126.064 105240 81328 13.700 10.850 0.697 0.698 739.261
03:40:00 12-01-2018 0C100010 126.792 105240 81330 13.900 10.500 0.697 0.699 739.261
03:41:00 12-01-2018 0C100010 126.886 105237 81326 13.250 10.850 0.698 0.700 739.261
03:42:00 12-01-2018 0C100010 127.024 105253 81341 13.500 10.700 0.698 0.700 739.261
03:43:00 12-01-2018 0C100010 127.414 105238 81329 13.650 11.000 0.695 0.700 739.261
03:44:00 12-01-2018 0C100010 127.291 105262 81350 13.300 10.900 0.695 0.698 739.261
03:45:00 12-01-2018 0C100010 127.426 105262 81350 13.800 10.950 0.701 0.701 739.261
03:46:00 12-01-2018 0C100010 127.509 105263 81349 14.700 10.800 0.696 0.699 739.261
03:47:00 12-01-2018 0C100010 126.929 105242 81333 13.550 10.800 0.700 0.700 739.261
03:48:00 12-01-2018 0C100010 127.073 105251 81342 13.500 10.700 0.697 0.697 739.261
03:49:00 12-01-2018 0C100010 127.065 105225 81324 13.750 10.550 0.697 0.700 739.261
03:50:00 12-01-2018 0C100010 127.713 105253 81344 14.200 10.700 0.698 0.701 739.261
03:51:00 12-01-2018 0C100010 126.206 105270 81356 13.400 11.100 0.698 0.700 739.261
03:52:00 12-01-2018 0C100010 127.822 105250 81342 13.500 10.900 0.698 0.699 739.261
03:53:00 12-01-2018 0C100010 128.213 105272 81359 14.350 10.450 0.694 0.698 739.261
03:54:00 12-01-2018 0C100010 128.460 105289 81372 13.850 11.000 0.700 0.700 739.261
03:55:00 12-01-2018 0C100010 128.226 105275 81360 13.650 11.050 0.697 0.700 739.261
03:56:00 12-01-2018 0C100010 128.331 105278 81364 13.900 10.650 0.696 0.699 739.261
03:57:00 12-01-2018 0C100010 128.640 105282 81368 13.150 11.500 0.696 0.700 738.959
03:58:00 12-01-2018 0C100010 128.437 105273 81360 13.750 11.000 0.699 0.699 738.959
03:59:00 12-01-2018 0C100010 128.493 105264 81356 13.250 11.300 0.695 0.698 738.959
04:00:00 12-01-2018 0C100010 128.188 105247 81343 14.500 10.700 0.698 0.698 739.261
04:01:00 12-01-2018 0C100010 128.715 105240 81337 14.200 10.750 0.698 0.701 738.959
04:02:00 12-01-2018 0C100010 128.510 105240 81338 13.700 10.850 0.701 0.700 739.261
04:03:00 12-01-2018 0C100010 128.481 105252 81347 13.850 10.750 0.698 0.698 739.261
04:04:00 12-01-2018 0C100010 128.404 105251 81347 13.550 11.300 0.698 0.700 739.261
04:05:00 12-01-2018 0C100010 128.536 105269 81360 13.800 10.600 0.699 0.701 739.261
04:06:00 12-01-2018 0C100010 128.256 105271 81362 14.200 11.100 0.695 0.696 739.563
04:07:00 12-01-2018 0C100010 128.705 105264 81357 13.550 11.200 0.698 0.699 739.261
04:08:00 12-01-2018 0C100010 129.229 105245 81346 13.650 10.950 0.697 0.699 739.261
04:09:00 12-01-2018 0C100010 128.968 105236 81338 14.200 10.800 0.696 0.698 739.563
04:10:00 12-01-2018 0C100010 128.828 105247 81347 14.000 10.700 0.698 0.701 739.563
04:11:00 12-01-2018 0C100010 129.157 105248 81348 14.200 11.300 0.699 0.701 739.261
04:12:00 12-01-2018 0C100010 128.870 105248 81349 13.450 11.150 0.695 0.698 739.563
04:13:00 12-01-2018 0C100010 128.914 105231 81335 14.100 11.100 0.698 0.702 739.261
04:14:00 12-01-2018 0C100010 128.900 105224 81328 13.000 11.300 0.701 0.699 739.563
04:15:00 12-01-2018 0C100010 128.788 105233 81336 13.750 10.900 0.697 0.700 739.563
04:16:00 12-01-2018 0C100010 129.062 105213 81321 14.200 10.350 0.698 0.701 739.261
04:17:00 12-01-2018 0C100010 128.945 105249 81348 14.700 11.100 0.697 0.701 739.563
04:18:00 12-01-2018 0C100010 129.164 105230 81335 13.650 11.000 0.696 0.697 739.563
04:19:00 12-01-2018 0C100010 128.858 105202 81314 14.000 10.900 0.694 0.700 739.563
04:20:00 12-01-2018 0C100010 128.880 105242 81343 13.400 10.750 0.699 0.701 739.563
04:21:00 12-01-2018 0C100010 129.114 105241 81343 14.550 10.450 0.698 0.702 739.563
04:22:00 12-01-2018 0C100010 129.094 105237 81338 13.250 11.500 0.698 0.699 739.563
04:23:00 12-01-2018 0C100010 128.916 105215 81322 14.750 11.450 0.699 0.701 739.563
04:24:00 12-01-2018 0C100010 129.497 105226 81331 13.550 11.150 0.697 0.698 739.563
04:25:00 12-01-2018 0C100010 128.887 105250 81348 13.750 11.000 0.694 0.696 739.563
04:26:00 12-01-2018 0C100010 129.006 105252 81349 14.050 10.850 0.696 0.700 739.563
04:27:00 12-01-2018 0C100010 128.683 105254 81351 14.400 10.550 0.698 0.700 739.563
04:28:00 12-01-2018 0C100010 128.412 105258 81354 13.550 10.800 0.696 0.698 739.865
04:29:00 12-01-2018 0C100010 128.622 105220 81325 13.500 11.050 0.700 0.700 739.865
04:30:00 12-01-2018 0C100010 128.651 105245 81344 14.150 10.500 0.696 0.701 739.563
04:31:00 12-01-2018 0C100010 128.673 105213 81320 13.400 10.950 0.700 0.701 739.563
04:32:00 12-01-2018 0C100010 128.773 105192 81302 14.100 10.850 0.697 0.700 739.865
04:33:00 12-01-2018 0C100010 128.919 105223 81326 13.700 10.750 0.697 0.701 739.563
04:34:00 12-01-2018 0C100010 129.011 105242 81340 13.950 10.600 0.698 0.700 739.563
04:35:00 12-01-2018 0C100010 128.887 105234 81337 13.650 10.950 0.698 0.699 739.865
04:36:00 12-01-2018 0C100010 129.292 105214 81321 14.400 10.500 0.700 0.701 739.563
04:37:00 12-01-2018 0C100010 128.177 105231 81333 13.850 11.000 0.698 0.700 739.865
04:38:00 12-01-2018 0C100010 128.470 105248 81346 14.400 10.650 0.696 0.697 739.865
04:39:00 12-01-2018 0C100010 128.134 105244 81342 14.250 10.500 0.696 0.699 739.865
04:40:00 12-01-2018 0C100010 128.516 105228 81333 14.550 10.400 0.700 0.701 739.865
04:41:00 12-01-2018 0C100010 128.490 105244 81344 13.950 10.800 0.699 0.701 739.865
04:42:00 12-01-2018 0C100010 128.343 105236 81339 14.150 10.500 0.697 0.698 739.865
04:43:00 12-01-2018 0C100010 130.592 105235 81336 13.100 11.000 0.697 0.698 735.637
04:44:00 12-01-2018 0C100010 127.563 105248 81347 12.850 11.350 0.695 0.697 735.637
04:45:00 12-01-2018 0C100010 126.400 105250 81349 13.300 10.700 0.692 0.694 735.939
04:46:00 12-01-2018 0C100010 125.846 105224 81329 13.650 10.450 0.695 0.698 735.637
04:47:00 12-01-2018 0C100010 125.375 105240 81341 13.500 10.650 0.695 0.699 735.939
04:48:00 12-01-2018 0C100010 125.312 105238 81339 13.050 10.800 0.693 0.696 735.939
04:49:00 12-01-2018 0C100010 125.043 105251 81350 13.000 10.950 0.694 0.697 735.939
04:50:00 12-01-2018 0C100010 125.259 105254 81352 13.400 10.600 0.694 0.699 735.637
04:51:00 12-01-2018 0C100010 125.282 105244 81344 13.100 10.800 0.694 0.696 735.637
04:52:00 12-01-2018 0C100010 124.881 105237 81339 13.650 10.750 0.694 0.699 735.637
04:53:00 12-01-2018 0C100010 124.522 105247 81345 12.950 10.550 0.696 0.699 735.939
04:54:00 12-01-2018 0C100010 125.161 105228 81333 13.050 10.550 0.693 0.694 735.939
04:55:00 12-01-2018 0C100010 124.960 105256 81355 13.600 10.550 0.697 0.697 735.637
04:56:00 12-01-2018 0C100010 124.795 105260 81357 13.050 10.800 0.696 0.699 735.637
04:57:00 12-01-2018 0C100010 124.531 105241 81343 13.000 10.250 0.693 0.695 735.939
04:58:00 12-01-2018 0C100010 124.774 105252 81352 13.300 10.450 0.694 0.700 735.637
04:59:00 12-01-2018 0C100010 124.785 105237 81341 14.050 10.250 0.695 0.699 735.939
05:00:00 12-01-2018 0C100010 125.222 105255 81355 13.700 10.550 0.693 0.696 735.939
05:01:00 12-01-2018 0C100010 125.539 105249 81350 13.650 10.250 0.694 0.698 735.939
05:02:00 12-01-2018 0C100010 125.377 105260 81358 13.450 10.750 0.696 0.700 735.939
05:03:00 12-01-2018 0C100010 125.606 105229 81334 13.700 10.150 0.692 0.696 735.939
05:04:00 12-01-2018 0C100010 125.272 105215 81324 13.350 10.700 0.697 0.699 735.637
05:05:00 12-01-2018 0C100010 125.304 105240 81344 13.650 10.300 0.691 0.695 735.939
05:06:00 12-01-2018 0C100010 125.542 105225 81331 13.350 10.450 0.695 0.697 735.939
05:07:00 12-01-2018 0C100010 125.390 105212 81323 13.550 10.200 0.694 0.698 735.939
05:08:00 12-01-2018 0C100010 125.313 105231 81338 13.750 10.450 0.694 0.696 735.939
05:09:00 12-01-2018 0C100010 125.578 105238 81342 12.800 11.300 0.696 0.698 735.939
05:10:00 12-01-2018 0C100010 125.825 105231 81339 13.600 10.600 0.692 0.695 735.939
05:11:00 12-01-2018 0C100010 125.430 105250 81351 13.850 10.550 0.694 0.698 735.939
05:12:00 12-01-2018 0C100010 125.508 105241 81345 13.450 10.350 0.697 0.698 735.939
05:13:00 12-01-2018 0C100010 125.702 105243 81346 13.050 10.850 0.691 0.695 736.241
05:14:00 12-01-2018 0C100010 125.362 105241 81345 13.400 10.800 0.700 0.699 735.939
05:15:00 12-01-2018 0C100010 125.612 105210 81323 13.550 10.250 0.692 0.697 735.939
05:16:00 12-01-2018 0C100010 126.161 105252 81354 13.650 10.500 0.695 0.697 736.241
05:17:00 12-01-2018 0C100010 125.717 105254 81356 14.450 10.450 0.695 0.698 735.939
05:18:00 12-01-2018 0C100010 126.249 105255 81357 13.800 10.650 0.691 0.695 736.241
05:19:00 12-01-2018 0C100010 126.055 105245 81347 13.400 11.550 0.696 0.697 735.939
05:20:00 12-01-2018 0C100010 126.071 105224 81334 13.150 10.900 0.696 0.698 736.241
05:21:00 12-01-2018 0C100010 125.943 105238 81343 12.650 10.650 0.692 0.694 736.241
05:22:00 12-01-2018 0C100010 126.016 105216 81327 13.100 10.650 0.694 0.696 735.939
05:23:00 12-01-2018 0C100010 126.178 105269 81366 12.950 11.300 0.694 0.697 736.241
05:24:00 12-01-2018 0C100010 125.750 105241 81347 13.250 10.950 0.695 0.698 736.241
05:25:00 12-01-2018 0C100010 125.930 105229 81337 14.650 10.400 0.695 0.698 736.241
05:26:00 12-01-2018 0C100010 126.004 105202 81317 13.750 10.350 0.694 0.695 736.241
05:27:00 12-01-2018 0C100010 126.453 105210 81323 13.300 10.650 0.697 0.698 735.939
05:28:00 12-01-2018 0C100010 125.989 105234 81343 13.500 10.500 0.696 0.698 736.241
05:29:00 12-01-2018 0C100010 126.543 105238 81345 12.900 10.800 0.694 0.695 736.241
05:30:00 12-01-2018 0C100010 126.494 105217 81330 13.750 10.800 0.698 0.698 736.241
05:31:00 12-01-2018 0C100010 126.097 105211 81324 13.900 10.850 0.693 0.697 736.241
05:32:00 12-01-2018 0C100010 126.229 105254 81357 13.600 10.250 0.694 0.696 736.241
05:33:00 12-01-2018 0C100010 126.166 105265 81366 13.700 10.800 0.694 0.699 736.241
05:34:00 12-01-2018 0C100010 126.354 105228 81338 12.950 10.900 0.695 0.700 736.241
05:35:00 12-01-2018 0C100010 125.988 105240 81347 13.650 10.650 0.696 0.696 736.241
05:36:00 12-01-2018 0C100010 125.953 105230 81340 13.450 10.750 0.695 0.698 736.241
05:37:00 12-01-2018 0C100010 126.037 105222 81333 13.250 10.750 0.696 0.697 736.241
05:38:00 12-01-2018 0C100010 126.170 105228 81339 13.450 10.400 0.694 0.695 736.241
05:39:00 12-01-2018 0C100010 126.189 105230 81340 13.550 10.350 0.694 0.698 736.241
05:40:00 12-01-2018 0C100010 126.374 105199 81317 13.550 10.600 0.693 0.694 736.241
05:41:00 12-01-2018 0C100010 126.075 105218 81331 13.250 10.750 0.696 0.697 736.241
05:42:00 12-01-2018 0C100010 133.163 105220 81340 14.850 11.900 0.693 0.697 736.241
05:43:00 12-01-2018 0C100010 137.034 105228 81347 14.350 11.600 0.694 0.696 736.241
05:44:00 12-01-2018 0C100010 137.294 105233 81351 14.800 11.400 0.696 0.699 735.939
05:45:00 12-01-2018 0C100010 137.166 105218 81341 14.700 11.300 0.694 0.697 736.241
05:46:00 12-01-2018 0C100010 137.505 105237 81354 14.300 11.600 0.694 0.695 736.241
05:47:00 12-01-2018 0C100010 137.397 105258 81370 15.050 11.950 0.696 0.697 736.241
05:48:00 12-01-2018 0C100010 137.700 105241 81356 14.750 11.800 0.696 0.698 736.241
05:49:00 12-01-2018 0C100010 131.895 105240 81348 13.750 10.700 0.694 0.696 736.241
05:50:00 12-01-2018 0C100010 127.206 105235 81344 13.600 10.800 0.695 0.697 736.241
05:51:00 12-01-2018 0C100010 126.988 105237 81344 13.900 10.500 0.698 0.699 736.241
05:52:00 12-01-2018 0C100010 126.735 105239 81347 13.350 11.050 0.695 0.700 736.241
05:53:00 12-01-2018 0C100010 126.710 105230 81341 13.550 10.400 0.694 0.696 736.241
05:54:00 12-01-2018 0C100010 127.078 105237 81343 13.200 10.650 0.695 0.698 736.241
05:55:00 12-01-2018 0C100010 126.498 105236 81343 13.300 10.800 0.695 0.699 736.241
05:56:00 12-01-2018 0C100010 126.610 105240 81346 13.800 10.400 0.693 0.698 736.241
05:57:00 12-01-2018 0C100010 126.165 105218 81330 13.700 10.350 0.695 0.697 736.241
05:58:00 12-01-2018 0C100010 126.054 105236 81344 13.750 10.500 0.690 0.693 736.241
05:59:00 12-01-2018 0C100010 126.578 105199 81315 13.350 10.750 0.695 0.698 736.241
06:00:00 12-01-2018 0C100010 126.241 105226 81338 13.650 10.350 0.695 0.698 736.241
06:01:00 12-01-2018 0C100010 126.637 105266 81366 13.750 10.700 0.694 0.698 736.241
06:02:00 12-01-2018 0C100010 126.755 105263 81366 13.900 10.550 0.695 0.699 736.241
06:03:00 12-01-2018 0C100010 127.082 105246 81353 13.100 10.750 0.696 0.696 736.241
06:04:00 12-01-2018 0C100010 126.998 105235 81342 12.850 10.750 0.694 0.698 736.543
06:05:00 12-01-2018 0C100010 127.152 105252 81356 14.300 10.650 0.695 0.697 736.241
06:06:00 12-01-2018 0C100010 127.471 105240 81347 13.800 10.450 0.694 0.695 736.543
06:07:00 12-01-2018 0C100010 127.085 105237 81346 14.350 10.050 0.695 0.698 736.543
06:08:00 12-01-2018 0C100010 126.678 105235 81342 13.850 10.550 0.694 0.696 736.543
06:09:00 12-01-2018 0C100010 127.001 105228 81339 13.150 10.650 0.692 0.695 736.543
06:10:00 12-01-2018 0C100010 126.634 105228 81339 13.850 10.950 0.692 0.698 736.543
06:11:00 12-01-2018 0C100010 127.001 105250 81355 13.600 11.000 0.695 0.699 736.543
06:12:00 12-01-2018 0C100010 126.193 105211 81323 13.500 10.850 0.696 0.699 736.543
06:13:00 12-01-2018 0C100010 126.860 105237 81345 13.200 10.700 0.690 0.696 736.543
06:14:00 12-01-2018 0C100010 126.701 105247 81351 13.550 10.750 0.693 0.698 736.543
06:15:00 12-01-2018 0C100010 126.486 105242 81348 13.300 11.000 0.697 0.699 736.543
06:16:00 12-01-2018 0C100010 126.421 105236 81343 13.250 11.300 0.696 0.698 736.543
06:17:00 12-01-2018 0C100010 126.693 105224 81336 13.450 10.500 0.692 0.694 736.845
06:18:00 12-01-2018 0C100010 126.482 105213 81328 13.600 10.700 0.692 0.698 736.543
06:19:00 12-01-2018 0C100010 127.261 105204 81320 13.100 10.650 0.698 0.699 736.543
06:20:00 12-01-2018 0C100010 126.963 105215 81329 13.400 11.050 0.696 0.698 736.543
06:21:00 12-01-2018 0C100010 126.897 105246 81352 13.500 10.750 0.696 0.698 736.543
06:22:00 12-01-2018 0C100010 126.565 105240 81346 13.100 10.600 0.694 0.698 736.543
06:23:00 12-01-2018 0C100010 126.638 105238 81346 13.100 10.750 0.694 0.695 736.543
06:24:00 12-01-2018 0C100010 126.571 105201 81319 13.400 11.000 0.695 0.699 736.543
06:25:00 12-01-2018 0C100010 127.058 105210 81327 13.550 10.750 0.692 0.696 736.543
06:26:00 12-01-2018 0C100010 126.933 105201 81318 13.850 10.600 0.696 0.696 736.845
06:27:00 12-01-2018 0C100010 126.611 105209 81325 13.400 10.800 0.697 0.698 736.543
06:28:00 12-01-2018 0C100010 126.852 105200 81318 13.600 10.850 0.696 0.697 736.543
06:29:00 12-01-2018 0C100010 127.200 105231 81342 13.400 11.000 0.694 0.697 736.845
06:30:00 12-01-2018 0C100010 127.307 105257 81361 13.800 10.750 0.697 0.699 736.845
06:31:00 12-01-2018 0C100010 126.789 105233 81341 13.800 10.700 0.697 0.699 736.543
06:32:00 12-01-2018 0C100010 126.825 105200 81316 13.000 11.550 0.694 0.697 736.845
06:33:00 12-01-2018 0C100010 127.294 105237 81344 13.950 10.500 0.692 0.698 736.845
06:34:00 12-01-2018 0C100010 126.980 105245 81350 14.100 10.250 0.694 0.699 736.543
06:35:00 12-01-2018 0C100010 127.118 105234 81341 13.350 10.950 0.692 0.696 736.845
06:36:00 12-01-2018 0C100010 126.877 105219 81331 14.050 10.400 0.694 0.698 736.845
06:37:00 12-01-2018 0C100010 126.618 105231 81338 13.600 10.500 0.696 0.697 736.845
06:38:00 12-01-2018 0C100010 126.684 105225 81336 13.900 11.000 0.692 0.695 736.845
06:39:00 12-01-2018 0C100010 127.040 105213 81325 13.200 10.800 0.692 0.697 736.845
06:40:00 12-01-2018 0C100010 126.919 105209 81324 13.350 10.550 0.696 0.699 736.845
06:41:00 12-01-2018 0C100010 127.036 105210 81324 13.400 10.900 0.696 0.699 736.845
06:42:00 12-01-2018 0C100010 127.108 105212 81326 14.050 10.800 0.694 0.696 736.845
06:43:00 12-01-2018 0C100010 127.395 105209 81323 13.750 10.650 0.694 0.697 736.845
06:44:00 12-01-2018 0C100010 126.652 105229 81339 13.500 10.550 0.696 0.699 736.845
06:45:00 12-01-2018 0C100010 127.347 105198 81314 13.600 10.850 0.689 0.696 736.845
06:46:00 12-01-2018 0C100010 126.774 105173 81297 13.400 10.500 0.695 0.697 736.845
06:47:00 12-01-2018 0C100010 126.990 105215 81327 13.700 10.500 0.692 0.697 736.845
06:48:00 12-01-2018 0C100010 126.296 105195 81313 13.800 10.850 0.694 0.697 736.845
06:49:00 12-01-2018 0C100010 126.684 105189 81308 13.550 10.750 0.695 0.698 737.147
06:50:00 12-01-2018 0C100010 126.780 105186 81307 13.950 10.700 0.697 0.700 736.845
06:51:00 12-01-2018 0C100010 127.209 105179 81302 13.300 10.800 0.693 0.695 737.147
06:52:00 12-01-2018 0C100010 127.062 105174 81298 13.250 10.900 0.696 0.698 737.147
06:53:00 12-01-2018 0C100010 126.925 105190 81309 13.500 10.850 0.696 0.699 737.147
06:54:00 12-01-2018 0C100010 126.506 105190 81308 13.300 11.000 0.694 0.698 737.147
06:55:00 12-01-2018 0C100010 126.542 105180 81302 13.400 10.650 0.693 0.694 737.147
06:56:00 12-01-2018 0C100010 126.720 105190 81308 13.300 11.200 0.695 0.698 737.147
06:57:00 12-01-2018 0C100010 126.826 105225 81337 13.850 10.350 0.696 0.699 737.147
06:58:00 12-01-2018 0C100010 126.469 105229 81341 13.700 10.500 0.695 0.698 737.449
06:59:00 12-01-2018 0C100010 127.098 105203 81319 13.650 10.400 0.693 0.696 737.449
07:00:00 12-01-2018 0C100010 126.772 105175 81296 13.650 10.500 0.695 0.699 737.449
07:01:00 12-01-2018 0C100010 126.871 105173 81297 13.450 10.550 0.697 0.700 737.147
07:02:00 12-01-2018 0C100010 126.243 105187 81307 13.450 10.150 0.694 0.699 737.147
07:03:00 12-01-2018 0C100010 126.882 105197 81315 13.500 10.700 0.692 0.696 737.449
07:04:00 12-01-2018 0C100010 126.669 105203 81320 13.150 10.750 0.694 0.698 737.147
07:05:00 12-01-2018 0C100010 126.684 105181 81301 13.450 10.700 0.695 0.699 737.147
07:06:00 12-01-2018 0C100010 125.936 105172 81295 13.750 10.650 0.697 0.698 737.147
07:07:00 12-01-2018 0C100010 126.307 105199 81317 13.750 10.100 0.698 0.700 737.147
07:08:00 12-01-2018 0C100010 126.291 105194 81314 13.600 10.550 0.696 0.700 737.147
07:09:00 12-01-2018 0C100010 126.216 105200 81317 13.500 10.650 0.696 0.697 737.449
07:10:00 12-01-2018 0C100010 125.612 105218 81332 13.700 10.950 0.697 0.698 737.449
07:11:00 12-01-2018 0C100010 132.263 105178 81308 14.700 11.250 0.697 0.699 737.147
07:12:00 12-01-2018 0C100010 134.014 105172 81303 14.150 11.250 0.698 0.700 737.147
07:13:00 12-01-2018 0C100010 134.640 105188 81310 14.450 11.150 0.696 0.699 737.449
07:14:00 12-01-2018 0C100010 127.111 105228 81339 13.500 10.700 0.694 0.695 737.449
07:15:00 12-01-2018 0C100010 126.470 105188 81311 13.350 11.050 0.695 0.697 737.449
07:16:00 12-01-2018 0C100010 126.349 105219 81335 13.800 10.400 0.695 0.698 737.449
07:17:00 12-01-2018 0C100010 126.843 105221 81339 13.750 10.950 0.694 0.698 737.449
07:18:00 12-01-2018 0C100010 127.702 105201 81322 13.800 10.800 0.690 0.696 737.751
07:19:00 12-01-2018 0C100010 127.779 105199 81320 13.650 10.550 0.696 0.698 737.449
07:20:00 12-01-2018 0C100010 127.389 105198 81320 13.950 11.400 0.696 0.699 737.751
07:21:00 12-01-2018 0C100010 127.184 105204 81324 13.250 11.100 0.698 0.700 737.449
07:22:00 12-01-2018 0C100010 126.850 105246 81357 14.450 10.600 0.693 0.696 737.751
07:23:00 12-01-2018 0C100010 126.789 105225 81340 13.600 10.800 0.697 0.698 737.751
07:24:00 12-01-2018 0C100010 127.107 105201 81322 13.500 10.650 0.697 0.700 737.751
07:25:00 12-01-2018 0C100010 126.753 105234 81348 13.650 10.550 0.695 0.699 737.751
07:26:00 12-01-2018 0C100010 127.009 105218 81335 14.150 10.250 0.693 0.696 738.053
07:27:00 12-01-2018 0C100010 127.192 105185 81310 13.750 10.550 0.695 0.698 737.751
07:28:00 12-01-2018 0C100010 127.116 105195 81318 13.300 10.500 0.695 0.700 738.053
07:29:00 12-01-2018 0C100010 126.420 105225 81342 13.750 10.700 0.695 0.698 738.053
07:30:00 12-01-2018 0C100010 126.751 105198 81321 13.600 10.850 0.695 0.697 738.053
07:31:00 12-01-2018 0C100010 127.304 105184 81310 13.500 10.600 0.695 0.699 737.751
07:32:00 12-01-2018 0C100010 126.888 105179 81305 13.600 10.550 0.698 0.699 738.053
07:33:00 12-01-2018 0C100010 126.607 105189 81312 13.400 10.900 0.693 0.694 738.053
07:34:00 12-01-2018 0C100010 126.648 105185 81310 13.550 10.400 0.695 0.697 738.053
07:35:00 12-01-2018 0C100010 126.454 105189 81314 13.650 10.900 0.693 0.698 738.053
07:36:00 12-01-2018 0C100010 127.077 105186 81310 13.850 10.600 0.695 0.698 738.053
07:37:00 12-01-2018 0C100010 126.423 105187 81310 13.750 10.650 0.696 0.698 738.053
07:38:00 12-01-2018 0C100010 126.585 105187 81311 13.450 10.750 0.696 0.698 738.355
07:39:00 12-01-2018 0C100010 126.434 105172 81300 13.100 10.700 0.697 0.699 738.355
07:40:00 12-01-2018 0C100010 126.643 105174 81301 13.750 10.500 0.700 0.699 738.053
07:41:00 12-01-2018 0C100010 126.577 105211 81332 13.500 10.600 0.696 0.700 737.751
07:42:00 12-01-2018 0C100010 126.492 105183 81309 14.850 10.650 0.693 0.695 738.053
07:43:00 12-01-2018 0C100010 126.855 105198 81321 13.550 10.450 0.695 0.697 738.053
07:44:00 12-01-2018 0C100010 128.169 105181 81309 13.700 10.650 0.698 0.700 737.751
07:45:00 12-01-2018 0C100010 128.518 105186 81313 14.400 10.600 0.700 0.699 738.053
07:46:00 12-01-2018 0C100010 127.882 105184 81311 13.950 10.500 0.694 0.697 738.053
07:47:00 12-01-2018 0C100010 128.491 105180 81308 13.700 10.800 0.695 0.698 738.053
07:48:00 12-01-2018 0C100010 128.196 105183 81311 14.100 10.750 0.694 0.699 738.053
07:49:00 12-01-2018 0C100010 128.408 105196 81320 13.500 11.000 0.696 0.700 738.053
07:50:00 12-01-2018 0C100010 128.071 105176 81305 13.150 11.250 0.694 0.698 738.053
07:51:00 12-01-2018 0C100010 128.538 105216 81334 13.600 10.850 0.696 0.699 738.053
07:52:00 12-01-2018 0C100010 128.043 105184 81313 13.800 10.900 0.695 0.700 738.053
07:53:00 12-01-2018 0C100010 129.282 105173 81305 13.650 10.750 0.695 0.699 738.053
07:54:00 12-01-2018 0C100010 129.541 105140 81278 14.150 10.950 0.696 0.699 738.053
07:55:00 12-01-2018 0C100010 129.603 105172 81302 14.000 10.700 0.694 0.697 738.053
07:56:00 12-01-2018 0C100010 129.261 105202 81326 13.800 10.950 0.696 0.699 738.053
07:57:00 12-01-2018 0C100010 128.974 105187 81316 14.000 10.800 0.694 0.697 738.053
07:58:00 12-01-2018 0C100010 129.197 105193 81319 13.550 10.850 0.697 0.698 738.053
07:59:00 12-01-2018 0C100010 129.322 105185 81315 14.050 10.650 0.694 0.697 738.053
08:00:00 12-01-2018 0C100010 128.893 105209 81333 14.800 11.050 0.696 0.700 738.053
08:01:00 12-01-2018 0C100010 129.708 105199 81326 13.850 10.900 0.697 0.697 738.053
08:02:00 12-01-2018 0C100010 129.551 105185 81313 14.050 11.000 0.696 0.700 738.053
08:03:00 12-01-2018 0C100010 129.705 105185 81314 13.650 10.950 0.696 0.698 738.053
08:04:00 12-01-2018 0C100010 129.724 105193 81319 14.050 10.700 0.696 0.698 738.053
08:05:00 12-01-2018 0C100010 129.490 105167 81300 14.450 10.800 0.693 0.697 738.355
08:06:00 12-01-2018 0C100010 129.770 105170 81301 13.900 10.650 0.695 0.699 738.355
08:07:00 12-01-2018 0C100010 129.757 105172 81303 13.900 10.650 0.696 0.698 738.355
08:08:00 12-01-2018 0C100010 128.976 105173 81304 13.400 11.100 0.694 0.698 738.355
08:09:00 12-01-2018 0C100010 129.504 105171 81301 14.150 10.600 0.698 0.700 738.355
08:10:00 12-01-2018 0C100010 129.837 105185 81311 14.050 10.900 0.695 0.699 738.355
08:11:00 12-01-2018 0C100010 129.613 105197 81321 14.300 10.800 0.697 0.698 738.657
08:12:00 12-01-2018 0C100010 129.732 105191 81316 13.750 10.800 0.695 0.697 738.355
08:13:00 12-01-2018 0C100010 129.956 105196 81320 13.300 11.600 0.695 0.698 738.355
08:14:00 12-01-2018 0C100010 129.789 105174 81302 14.050 10.500 0.696 0.698 738.355
08:15:00 12-01-2018 0C100010 129.038 105174 81302 13.650 10.750 0.698 0.698 738.355
08:16:00 12-01-2018 0C100010 129.662 105210 81331 14.000 11.450 0.691 0.696 738.657
08:17:00 12-01-2018 0C100010 129.401 105216 81335 13.500 10.950 0.696 0.698 738.657
08:18:00 12-01-2018 0C100010 129.358 105176 81304 14.350 10.850 0.699 0.700 738.657
08:19:00 12-01-2018 0C100010 129.034 105170 81298 13.800 11.050 0.694 0.696 738.657
08:20:00 12-01-2018 0C100010 129.417 105182 81308 13.800 10.650 0.696 0.699 738.355
08:21:00 12-01-2018 0C100010 129.667 105191 81315 14.600 10.500 0.693 0.696 738.657
08:22:00 12-01-2018 0C100010 129.777 105163 81293 14.450 10.500 0.696 0.697 738.657
08:23:00 12-01-2018 0C100010 129.952 105171 81300 13.650 11.000 0.698 0.698 738.657
08:24:00 12-01-2018 0C100010 130.101 105177 81305 14.150 11.300 0.696 0.699 738.657
08:25:00 12-01-2018 0C100010 130.071 105173 81302 14.150 11.300 0.697 0.699 738.355
08:26:00 12-01-2018 0C100010 129.855 105174 81303 13.950 11.100 0.696 0.698 738.657
08:27:00 12-01-2018 0C100010 129.996 105154 81287 14.400 10.600 0.695 0.700 738.657
08:28:00 12-01-2018 0C100010 130.455 105176 81305 14.100 10.800 0.699 0.700 738.355
08:29:00 12-01-2018 0C100010 130.174 105168 81298 13.600 10.950 0.696 0.696 738.657
08:30:00 12-01-2018 0C100010 129.881 105167 81298 13.750 11.050 0.698 0.700 738.355
08:31:00 12-01-2018 0C100010 130.218 105167 81298 13.950 11.200 0.694 0.696 738.657
08:32:00 12-01-2018 0C100010 130.008 105160 81292 14.450 10.550 0.699 0.701 738.355
08:33:00 12-01-2018 0C100010 129.712 105185 81310 13.700 11.050 0.694 0.695 738.657
08:34:00 12-01-2018 0C100010 129.325 105171 81304 14.100 11.000 0.697 0.698 738.657
08:35:00 12-01-2018 0C100010 132.573 105188 81306 13.350 10.900 0.696 0.699 738.657
08:36:00 12-01-2018 0C100010 118.342 105173 81290 12.250 9.900 0.694 0.699 738.355
08:37:00 12-01-2018 0C100010 114.586 105188 81302 12.900 9.750 0.695 0.699 738.355
08:38:00 12-01-2018 0C100010 114.838 105182 81298 12.050 9.500 0.694 0.697 738.355
08:39:00 12-01-2018 0C100010 115.809 105187 81301 11.550 10.000 0.697 0.699 738.355
08:40:00 12-01-2018 0C100010 116.513 105229 81335 12.850 10.350 0.694 0.697 738.355
08:41:00 12-01-2018 0C100010 117.236 105194 81308 12.400 10.400 0.694 0.698 738.657
08:42:00 12-01-2018 0C100010 117.137 105190 81305 12.100 9.750 0.695 0.699 738.657
08:43:00 12-01-2018 0C100010 117.911 105178 81295 12.750 9.900 0.696 0.700 738.657
08:44:00 12-01-2018 0C100010 117.617 105188 81303 13.050 9.750 0.694 0.697 738.657
08:45:00 12-01-2018 0C100010 118.030 105204 81313 12.600 10.100 0.697 0.701 738.657
08:46:00 12-01-2018 0C100010 118.050 105206 81317 12.750 9.750 0.695 0.698 738.657
08:47:00 12-01-2018 0C100010 117.901 105221 81329 12.550 10.050 0.698 0.698 738.657
08:48:00 12-01-2018 0C100010 118.169 105234 81338 13.350 9.050 0.696 0.698 738.657
08:49:00 12-01-2018 0C100010 118.326 105216 81326 12.700 9.850 0.697 0.699 738.657
08:50:00 12-01-2018 0C100010 118.133 105207 81317 12.450 10.000 0.699 0.699 738.959
08:51:00 12-01-2018 0C100010 117.999 105201 81312 12.450 10.200 0.697 0.699 738.657
08:52:00 12-01-2018 0C100010 117.411 105216 81327 12.400 10.150 0.695 0.697 738.959
08:53:00 12-01-2018 0C100010 117.978 105190 81305 12.750 10.250 0.698 0.700 738.959
08:54:00 12-01-2018 0C100010 117.476 105191 81305 12.550 10.200 0.694 0.698 738.959
08:55:00 12-01-2018 0C100010 117.638 105182 81299 12.850 9.950 0.695 0.698 738.959
08:56:00 12-01-2018 0C100010 118.075 105197 81311 12.150 10.350 0.695 0.698 738.959
08:57:00 12-01-2018 0C100010 117.486 105254 81354 13.600 9.500 0.696 0.699 739.261
08:58:00 12-01-2018 0C100010 117.859 105191 81306 12.350 10.450 0.698 0.700 738.959
08:59:00 12-01-2018 0C100010 117.545 105184 81299 12.450 10.450 0.693 0.696 739.261
09:00:00 12-01-2018 0C100010 117.476 105176 81295 12.500 10.450 0.697 0.699 739.261
09:01:00 12-01-2018 0C100010 117.641 105182 81299 12.600 9.750 0.694 0.698 739.261
09:02:00 12-01-2018 0C100010 117.850 105201 81313 12.600 10.100 0.698 0.698 739.261
09:03:00 12-01-2018 0C100010 117.673 105207 81318 12.700 9.950 0.697 0.698 739.261
09:04:00 12-01-2018 0C100010 117.898 105194 81308 12.600 9.900 0.694 0.698 739.261
09:05:00 12-01-2018 0C100010 117.625 105196 81311 12.850 10.000 0.694 0.697 739.261
09:06:00 12-01-2018 0C100010 117.701 105187 81303 12.700 10.050 0.699 0.700 738.959
09:07:00 12-01-2018 0C100010 118.189 105222 81330 13.600 9.700 0.692 0.696 739.261
09:08:00 12-01-2018 0C100010 117.986 105200 81312 12.650 10.050 0.697 0.700 738.959
09:09:00 12-01-2018 0C100010 118.030 105206 81318 12.800 10.150 0.695 0.698 739.261
09:10:00 12-01-2018 0C100010 117.969 105172 81291 12.650 9.950 0.698 0.698 739.261
09:11:00 12-01-2018 0C100010 118.190 105185 81303 12.600 9.800 0.694 0.697 739.261
09:12:00 12-01-2018 0C100010 118.273 105208 81319 12.750 9.800 0.695 0.699 739.261
09:13:00 12-01-2018 0C100010 117.903 105215 81323 12.850 9.950 0.694 0.698 739.261
09:14:00 12-01-2018 0C100010 118.290 105217 81327 12.750 10.100 0.699 0.700 738.959
09:15:00 12-01-2018 0C100010 118.516 105177 81296 12.450 10.450 0.696 0.698 738.959
09:16:00 12-01-2018 0C100010 118.598 105195 81308 12.650 9.800 0.697 0.698 739.261
09:17:00 12-01-2018 0C100010 118.597 105187 81302 12.800 10.150 0.694 0.698 739.261
09:18:00 12-01-2018 0C100010 118.290 105194 81308 13.250 9.600 0.696 0.699 738.959
09:19:00 12-01-2018 0C100010 118.728 105192 81306 12.800 9.950 0.695 0.699 739.261
09:20:00 12-01-2018 0C100010 118.176 105212 81325 13.350 10.150 0.700 0.702 744.093
09:21:00 12-01-2018 0C100010 121.665 105196 81307 13.250 10.200 0.696 0.697 739.261
09:22:00 12-01-2018 0C100010 118.972 105182 81296 12.900 10.300 0.699 0.698 738.959
09:23:00 12-01-2018 0C100010 118.910 105166 81285 13.350 9.950 0.695 0.697 738.959
09:24:00 12-01-2018 0C100010 119.010 105173 81292 12.600 10.100 0.698 0.700 738.959
09:25:00 12-01-2018 0C100010 118.971 105171 81288 12.100 10.650 0.696 0.698 738.959
09:26:00 12-01-2018 0C100010 119.296 105201 81311 12.950 10.200 0.696 0.700 738.959
09:27:00 12-01-2018 0C100010 118.600 105204 81314 12.600 10.250 0.696 0.699 738.959
09:28:00 12-01-2018 0C100010 119.044 105196 81307 13.100 10.150 0.695 0.698 738.959
09:29:00 12-01-2018 0C100010 119.066 105208 81316 12.600 10.100 0.692 0.698 738.959
09:30:00 12-01-2018 0C100010 119.035 105186 81300 13.400 10.200 0.698 0.699 738.959
09:31:00 12-01-2018 0C100010 119.071 105161 81280 12.600 10.150 0.694 0.697 739.261
09:32:00 12-01-2018 0C100010 119.162 105158 81278 12.650 10.150 0.695 0.698 738.959
09:33:00 12-01-2018 0C100010 119.141 105167 81284 12.500 10.050 0.697 0.698 739.261
09:34:00 12-01-2018 0C100010 119.354 105176 81291 13.000 10.000 0.696 0.698 739.261
09:35:00 12-01-2018 0C100010 119.672 105202 81312 12.900 10.350 0.692 0.698 739.261
09:36:00 12-01-2018 0C100010 119.605 105208 81318 13.050 10.000 0.698 0.699 739.261
09:37:00 12-01-2018 0C100010 119.447 105203 81314 12.700 10.250 0.696 0.699 739.261
09:38:00 12-01-2018 0C100010 119.600 105234 81338 13.100 9.700 0.697 0.699 739.261
09:39:00 12-01-2018 0C100010 119.722 105210 81321 13.100 9.800 0.695 0.699 739.261
09:40:00 12-01-2018 0C100010 120.141 105194 81307 12.600 10.250 0.694 0.697 739.261
09:41:00 12-01-2018 0C100010 120.239 105153 81276 12.700 10.400 0.694 0.699 739.261
09:42:00 12-01-2018 0C100010 120.049 105157 81279 12.650 10.250 0.693 0.696 739.261
09:43:00 12-01-2018 0C100010 120.584 105161 81283 14.300 9.600 0.697 0.697 739.261
09:44:00 12-01-2018 0C100010 120.254 105179 81297 13.000 10.500 0.694 0.699 740.469
09:45:00 12-01-2018 0C100010 140.375 105128 81308 18.100 14.200 0.703 0.704 743.187
09:46:00 12-01-2018 0C100010 140.118 105177 81298 13.300 10.550 0.698 0.700 739.261
09:47:00 12-01-2018 0C100010 122.952 105164 81286 13.500 9.850 0.699 0.700 739.261
09:48:00 12-01-2018 0C100010 122.123 105193 81309 13.300 10.300 0.696 0.699 739.261
09:49:00 12-01-2018 0C100010 121.854 105196 81312 13.450 10.250 0.694 0.698 739.261
09:50:00 12-01-2018 0C100010 121.823 105196 81311 13.500 10.500 0.692 0.698 739.261
09:51:00 12-01-2018 0C100010 121.145 105191 81309 13.100 10.100 0.695 0.698 739.261
09:52:00 12-01-2018 0C100010 121.222 105189 81308 13.200 10.050 0.695 0.699 739.261
09:53:00 12-01-2018 0C100010 120.702 105168 81290 12.500 10.400 0.694 0.695 739.563
09:54:00 12-01-2018 0C100010 121.004 105185 81304 12.800 10.200 0.700 0.701 739.261
09:55:00 12-01-2018 0C100010 120.951 105187 81305 13.000 10.300 0.697 0.698 739.563
09:56:00 12-01-2018 0C100010 121.311 105188 81306 13.950 10.000 0.699 0.700 739.563
09:57:00 12-01-2018 0C100010 121.182 105168 81289 13.350 10.650 0.693 0.697 739.563
09:58:00 12-01-2018 0C100010 121.092 105186 81303 13.200 10.350 0.698 0.700 739.563
09:59:00 12-01-2018 0C100010 121.382 105180 81299 13.250 10.300 0.694 0.698 739.563
10:00:00 12-01-2018 0C100010 121.489 105201 81316 13.200 9.950 0.696 0.701 739.563
10:01:00 12-01-2018 0C100010 121.357 105192 81309 12.900 10.300 0.694 0.698 739.563
10:02:00 12-01-2018 0C100010 121.364 105178 81299 13.250 10.500 0.696 0.699 739.261
10:03:00 12-01-2018 0C100010 121.121 105198 81314 13.800 10.100 0.696 0.697 739.563
10:04:00 12-01-2018 0C100010 121.655 105170 81291 13.300 10.350 0.698 0.700 739.261
10:05:00 12-01-2018 0C100010 121.473 105142 81270 13.600 9.800 0.695 0.699 739.261
10:06:00 12-01-2018 0C100010 121.446 105153 81278 12.850 10.250 0.693 0.697 739.261
10:07:00 12-01-2018 0C100010 122.048 105140 81268 13.200 10.000 0.698 0.700 739.261
10:08:00 12-01-2018 0C100010 121.458 105177 81297 13.250 10.200 0.695 0.700 739.261
10:09:00 12-01-2018 0C100010 121.700 105144 81271 13.200 10.150 0.696 0.700 739.261
10:10:00 12-01-2018 0C100010 122.259 105142 81270 13.250 10.050 0.695 0.698 739.563
10:11:00 12-01-2018 0C100010 121.982 105151 81276 13.150 10.100 0.697 0.700 739.261
10:12:00 12-01-2018 0C100010 122.554 105155 81280 12.650 11.350 0.698 0.700 739.261
10:13:00 12-01-2018 0C100010 126.700 105192 81316 14.350 10.950 0.696 0.700 739.261
10:14:00 12-01-2018 0C100010 130.663 105162 81293 14.100 11.250 0.697 0.700 739.261
10:15:00 12-01-2018 0C100010 131.652 105166 81297 14.050 11.350 0.698 0.698 739.261
10:16:00 12-01-2018 0C100010 132.385 105159 81293 13.950 11.500 0.697 0.698 739.261
10:17:00 12-01-2018 0C100010 133.040 105191 81318 14.500 10.900 0.695 0.698 739.261
10:18:00 12-01-2018 0C100010 128.143 105173 81301 13.200 10.800 0.693 0.695 739.563
10:19:00 12-01-2018 0C100010 127.313 105190 81312 14.050 10.800 0.699 0.700 740.771
10:20:00 12-01-2018 0C100010 126.331 105172 81299 13.500 10.700 0.699 0.701 743.489
10:21:00 12-01-2018 0C100010 127.203 105161 81288 13.200 11.000 0.698 0.701 743.489
10:22:00 12-01-2018 0C100010 127.642 105198 81317 14.100 10.800 0.697 0.701 743.489
10:23:00 12-01-2018 0C100010 127.957 105197 81318 14.600 10.300 0.697 0.700 743.489
10:24:00 12-01-2018 0C100010 127.793 105177 81303 13.800 10.850 0.701 0.701 743.489
10:25:00 12-01-2018 0C100010 128.209 105194 81316 14.500 10.700 0.701 0.702 743.489
10:26:00 12-01-2018 0C100010 128.165 105191 81313 14.100 10.850 0.698 0.700 743.791
10:27:00 12-01-2018 0C100010 128.352 105182 81306 13.800 11.400 0.702 0.702 743.489
10:28:00 12-01-2018 0C100010 128.394 105192 81313 14.350 10.600 0.696 0.701 743.489
10:29:00 12-01-2018 0C100010 128.219 105177 81303 14.200 10.750 0.699 0.701 743.791
10:30:00 12-01-2018 0C100010 128.685 105185 81307 14.100 10.600 0.701 0.702 743.489
10:31:00 12-01-2018 0C100010 128.163 105177 81302 13.450 11.000 0.698 0.701 743.489
10:32:00 12-01-2018 0C100010 128.382 105170 81296 13.600 10.950 0.701 0.702 743.489
10:33:00 12-01-2018 0C100010 128.708 105169 81295 13.550 11.100 0.701 0.701 743.791
10:34:00 12-01-2018 0C100010 128.663 105163 81292 14.250 10.850 0.700 0.701 743.791
10:35:00 12-01-2018 0C100010 129.100 105168 81295 13.900 10.950 0.701 0.702 743.791
10:36:00 12-01-2018 0C100010 128.845 105172 81299 13.450 11.200 0.701 0.701 743.791
10:37:00 12-01-2018 0C100010 129.509 105161 81289 13.750 11.000 0.700 0.701 743.791
10:38:00 12-01-2018 0C100010 128.649 105170 81296 14.100 11.150 0.701 0.701 743.489
10:39:00 12-01-2018 0C100010 129.200 105163 81291 13.650 11.450 0.701 0.701 743.791
10:40:00 12-01-2018 0C100010 129.106 105166 81294 13.750 10.750 0.701 0.703 743.791
10:41:00 12-01-2018 0C100010 129.475 105162 81293 13.800 11.200 0.702 0.702 743.791
10:42:00 12-01-2018 0C100010 129.286 105177 81304 14.400 11.050 0.700 0.703 743.791
10:43:00 12-01-2018 0C100010 129.467 105184 81309 14.800 10.950 0.700 0.703 743.791
10:44:00 12-01-2018 0C100010 129.756 105192 81313 14.100 10.600 0.699 0.700 743.791
10:45:00 12-01-2018 0C100010 129.445 105149 81282 13.900 11.200 0.702 0.702 743.791
10:46:00 12-01-2018 0C100010 129.941 105171 81299 14.500 10.800 0.699 0.701 743.791
10:47:00 12-01-2018 0C100010 129.501 105185 81308 14.000 11.250 0.702 0.704 743.791
10:48:00 12-01-2018 0C100010 128.893 105191 81314 14.050 11.150 0.699 0.701 743.791
10:49:00 12-01-2018 0C100010 128.889 105187 81312 14.150 11.000 0.700 0.702 743.791
10:50:00 12-01-2018 0C100010 129.179 105175 81301 14.000 10.800 0.701 0.702 743.791
10:51:00 12-01-2018 0C100010 129.151 105160 81291 14.700 10.950 0.700 0.700 743.791
10:52:00 12-01-2018 0C100010 129.403 105107 81250 14.300 10.950 0.699 0.701 743.791
10:53:00 12-01-2018 0C100010 129.067 105136 81271 13.550 11.000 0.696 0.699 743.791
10:54:00 12-01-2018 0C100010 128.276 105180 81305 14.300 10.850 0.698 0.702 743.791
10:55:00 12-01-2018 0C100010 128.497 105176 81301 13.900 11.100 0.694 0.698 743.791
10:56:00 12-01-2018 0C100010 128.516 105154 81284 13.700 10.650 0.700 0.702 743.791
10:57:00 12-01-2018 0C100010 128.014 105176 81301 14.700 10.500 0.698 0.699 743.791
10:58:00 12-01-2018 0C100010 128.441 105159 81289 13.650 10.750 0.698 0.701 743.791
10:59:00 12-01-2018 0C100010 128.955 105163 81291 13.650 10.950 0.698 0.701 743.791
11:00:00 12-01-2018 0C100010 128.877 105153 81284 13.700 10.950 0.700 0.703 743.791
11:01:00 12-01-2018 0C100010 128.773 105164 81292 14.250 10.550 0.700 0.701 743.791
11:02:00 12-01-2018 0C100010 128.348 105145 81277 14.000 11.050 0.700 0.702 743.791
11:03:00 12-01-2018 0C100010 128.810 105160 81288 14.300 10.750 0.699 0.701 744.093
11:04:00 12-01-2018 0C100010 128.872 105171 81297 13.850 11.150 0.697 0.702 743.791
11:05:00 12-01-2018 0C100010 128.604 105199 81318 14.000 10.800 0.700 0.701 744.093
11:06:00 12-01-2018 0C100010 128.074 105201 81322 13.700 10.650 0.697 0.700 744.093
