03:05:00 12-01-2018 0C100000 4.464 97080 117553 1.950 2.850 0.706 0.699 737.317
03:06:00 12-01-2018 0C100000 1.893 97029 117491 1.300 2.250 0.706 0.700 737.317
03:07:00 12-01-2018 0C100000 1.747 97037 117499 1.450 1.700 0.706 0.700 737.619
03:08:00 12-01-2018 0C100000 1.628 97069 117540 1.800 2.000 0.707 0.699 737.619
03:09:00 12-01-2018 0C100000 1.864 97093 117571 1.200 1.450 0.706 0.698 737.619
03:10:00 12-01-2018 0C100000 2.140 97162 117655 1.650 2.000 0.707 0.699 737.619
03:11:00 12-01-2018 0C100000 1.789 97133 117622 2.500 2.850 0.704 0.698 737.619
03:12:00 12-01-2018 0C100000 0.283 97088 117566 1.950 2.550 0.706 0.699 741.245
03:13:00 12-01-2018 0C100000 -0.127 97119 117605 1.450 1.800 0.709 0.703 740.943
03:14:00 12-01-2018 0C100000 -0.042 97086 117565 0.900 1.200 0.708 0.700 741.245
03:15:00 12-01-2018 0C100000 -0.126 97180 117682 2.500 2.800 0.709 0.702 741.245
03:16:00 12-01-2018 0C100000 -0.157 97188 117693 1.600 1.950 0.705 0.698 741.245
03:17:00 12-01-2018 0C100000 -0.194 97139 117633 1.050 1.500 0.708 0.703 741.245
03:18:00 12-01-2018 0C100000 -0.071 97093 117578 1.250 1.100 0.707 0.700 741.245
03:19:00 12-01-2018 0C100000 -0.076 97084 117568 1.400 1.600 0.708 0.702 741.245
03:20:00 12-01-2018 0C100000 -0.148 97077 117559 0.950 1.150 0.705 0.700 741.245
03:21:00 12-01-2018 0C100000 -0.040 97085 117571 1.650 2.300 0.710 0.703 740.943
03:22:00 12-01-2018 0C100000 2.896 97095 117607 2.400 2.000 0.708 0.702 741.245
03:23:00 12-01-2018 0C100000 80.962 97003 117610 11.950 13.950 0.707 0.700 740.943
03:24:00 12-01-2018 0C100000 121.003 97019 117627 13.250 15.350 0.708 0.700 740.943
03:25:00 12-01-2018 0C100000 122.254 97101 117735 12.950 14.450 0.710 0.702 740.943
03:26:00 12-01-2018 0C100000 121.944 97071 117692 11.950 15.550 0.709 0.701 741.245
03:27:00 12-01-2018 0C100000 122.165 97066 117688 12.200 15.100 0.709 0.702 741.245
03:28:00 12-01-2018 0C100000 121.910 97093 117724 12.950 14.600 0.707 0.701 740.943
03:29:00 12-01-2018 0C100000 122.189 97106 117739 12.550 14.350 0.708 0.704 740.943
03:30:00 12-01-2018 0C100000 122.846 97137 117782 13.350 15.550 0.707 0.702 740.943
03:31:00 12-01-2018 0C100000 122.483 97121 117759 12.800 15.300 0.709 0.703 740.943
03:32:00 12-01-2018 0C100000 122.255 97109 117750 12.050 15.150 0.709 0.702 740.943
03:33:00 12-01-2018 0C100000 122.926 97086 117719 13.400 14.950 0.708 0.701 740.943
03:34:00 12-01-2018 0C100000 122.905 97104 117744 13.250 14.550 0.707 0.701 740.943
03:35:00 12-01-2018 0C100000 122.660 97081 117710 12.800 14.450 0.706 0.700 740.943
03:36:00 12-01-2018 0C100000 123.127 97085 117715 13.900 14.800 0.708 0.702 740.943
03:37:00 12-01-2018 0C100000 122.606 97088 117725 12.950 14.950 0.708 0.703 740.943
03:38:00 12-01-2018 0C100000 123.226 97093 117727 12.850 14.050 0.709 0.702 740.943
03:39:00 12-01-2018 0C100000 123.064 97092 117732 12.500 14.500 0.708 0.700 740.641
03:40:00 12-01-2018 0C100000 123.658 97096 117735 13.100 15.000 0.707 0.702 740.943
03:41:00 12-01-2018 0C100000 123.690 97083 117721 12.900 14.650 0.709 0.701 740.943
03:42:00 12-01-2018 0C100000 123.999 97083 117718 12.850 14.800 0.706 0.699 740.943
03:43:00 12-01-2018 0C100000 124.494 97058 117688 13.000 14.950 0.708 0.702 740.943
03:44:00 12-01-2018 0C100000 124.324 97079 117718 13.100 15.250 0.706 0.701 740.943
03:45:00 12-01-2018 0C100000 123.912 97134 117782 12.350 15.050 0.709 0.703 740.641
03:46:00 12-01-2018 0C100000 124.278 97136 117789 12.050 15.400 0.708 0.700 740.641
03:47:00 12-01-2018 0C100000 124.128 97069 117704 13.750 15.000 0.709 0.702 740.943
03:48:00 12-01-2018 0C100000 124.262 97083 117726 12.300 15.200 0.708 0.702 740.943
03:49:00 12-01-2018 0C100000 123.848 97091 117731 12.700 15.700 0.707 0.701 740.943
03:50:00 12-01-2018 0C100000 124.553 97072 117710 13.250 15.300 0.705 0.699 740.641
03:51:00 12-01-2018 0C100000 96.018 97250 117791 2.500 2.750 0.707 0.702 740.339
03:52:00 12-01-2018 0C100000 11.255 97238 117814 3.550 3.100 0.708 0.702 740.339
03:53:00 12-01-2018 0C100000 55.739 97235 117858 7.500 9.400 0.707 0.702 740.641
03:54:00 12-01-2018 0C100000 87.298 97249 117898 9.750 12.750 0.708 0.701 740.641
03:55:00 12-01-2018 0C100000 104.881 97243 117911 10.700 14.500 0.708 0.702 740.641
03:56:00 12-01-2018 0C100000 114.557 97274 117953 12.350 13.900 0.707 0.700 740.641
03:57:00 12-01-2018 0C100000 119.259 97264 117950 12.100 14.600 0.707 0.701 740.339
03:58:00 12-01-2018 0C100000 121.253 97297 117986 13.900 16.400 0.706 0.700 740.641
03:59:00 12-01-2018 0C100000 122.383 97311 118006 11.450 15.750 0.708 0.701 740.339
04:00:00 12-01-2018 0C100000 122.649 97273 117965 12.150 15.800 0.708 0.701 740.641
04:01:00 12-01-2018 0C100000 122.787 97194 117865 12.800 14.550 0.705 0.699 740.641
04:02:00 12-01-2018 0C100000 122.765 97179 117852 13.150 14.200 0.708 0.702 740.339
04:03:00 12-01-2018 0C100000 122.604 97202 117876 13.200 15.400 0.707 0.702 740.641
04:04:00 12-01-2018 0C100000 122.661 97226 117906 12.700 14.500 0.708 0.702 740.641
04:05:00 12-01-2018 0C100000 122.672 97190 117861 11.850 15.350 0.708 0.702 740.641
04:06:00 12-01-2018 0C100000 122.900 97131 117792 11.900 15.550 0.707 0.701 740.943
04:07:00 12-01-2018 0C100000 122.695 97118 117779 13.150 14.900 0.708 0.701 740.641
04:08:00 12-01-2018 0C100000 122.661 97090 117740 13.650 14.450 0.706 0.700 740.943
04:09:00 12-01-2018 0C100000 122.959 97121 117785 12.250 15.700 0.708 0.701 740.943
04:10:00 12-01-2018 0C100000 123.120 97128 117790 12.900 15.600 0.709 0.702 740.943
04:11:00 12-01-2018 0C100000 123.233 97159 117830 13.250 14.400 0.708 0.702 740.943
04:12:00 12-01-2018 0C100000 123.227 97168 117837 12.900 15.100 0.708 0.701 740.641
04:13:00 12-01-2018 0C100000 123.067 97160 117828 12.550 15.050 0.708 0.703 740.943
04:14:00 12-01-2018 0C100000 123.161 97148 117814 13.650 13.900 0.708 0.701 740.943
04:15:00 12-01-2018 0C100000 123.311 97145 117811 13.000 14.250 0.707 0.700 740.943
04:16:00 12-01-2018 0C100000 123.196 97128 117795 12.800 15.050 0.709 0.702 740.943
04:17:00 12-01-2018 0C100000 123.165 97103 117761 11.800 15.250 0.708 0.702 740.943
04:18:00 12-01-2018 0C100000 123.368 97082 117738 12.650 15.000 0.708 0.702 740.943
04:19:00 12-01-2018 0C100000 123.450 97047 117692 12.500 15.800 0.707 0.701 740.943
04:20:00 12-01-2018 0C100000 123.490 97100 117761 13.150 15.050 0.705 0.700 740.943
04:21:00 12-01-2018 0C100000 123.050 97103 117762 13.050 15.150 0.708 0.702 740.641
04:22:00 12-01-2018 0C100000 123.074 97109 117770 12.600 15.200 0.708 0.702 740.943
04:23:00 12-01-2018 0C100000 123.206 97072 117728 13.450 15.350 0.708 0.702 740.943
04:24:00 12-01-2018 0C100000 123.530 97040 117684 12.200 15.850 0.706 0.698 740.943
04:25:00 12-01-2018 0C100000 123.480 97085 117742 13.800 14.450 0.707 0.703 740.943
04:26:00 12-01-2018 0C100000 123.599 97024 117664 12.700 16.450 0.710 0.702 740.943
04:27:00 12-01-2018 0C100000 123.313 97061 117713 12.650 14.450 0.706 0.700 740.943
04:28:00 12-01-2018 0C100000 123.501 97091 117746 12.500 15.400 0.707 0.701 740.943
04:29:00 12-01-2018 0C100000 123.080 97095 117752 12.300 15.450 0.708 0.702 740.943
04:30:00 12-01-2018 0C100000 123.107 96998 117636 12.950 15.350 0.707 0.700 740.943
04:31:00 12-01-2018 0C100000 123.223 97008 117644 12.250 15.500 0.708 0.702 740.943
04:32:00 12-01-2018 0C100000 123.080 97069 117720 12.400 15.850 0.708 0.701 740.943
04:33:00 12-01-2018 0C100000 123.342 96986 117618 13.500 15.850 0.708 0.701 741.245
04:34:00 12-01-2018 0C100000 123.289 97003 117641 12.600 14.300 0.711 0.702 740.943
04:35:00 12-01-2018 0C100000 123.290 97044 117687 12.750 15.000 0.707 0.701 740.943
04:36:00 12-01-2018 0C100000 123.518 97083 117736 12.150 15.000 0.705 0.698 740.943
04:37:00 12-01-2018 0C100000 123.570 97127 117794 12.900 15.550 0.710 0.702 740.943
04:38:00 12-01-2018 0C100000 123.409 97093 117748 12.500 14.750 0.708 0.701 741.245
04:39:00 12-01-2018 0C100000 123.132 97088 117744 13.150 14.950 0.709 0.702 740.943
04:40:00 12-01-2018 0C100000 122.912 97106 117764 12.900 15.100 0.708 0.703 740.943
04:41:00 12-01-2018 0C100000 122.902 97092 117751 12.200 15.650 0.709 0.702 741.245
04:42:00 12-01-2018 0C100000 123.000 97106 117769 12.550 15.050 0.708 0.700 740.943
04:43:00 12-01-2018 0C100000 123.266 97157 117828 12.650 14.600 0.707 0.700 737.015
04:44:00 12-01-2018 0C100000 123.262 97150 117822 12.650 15.700 0.703 0.697 737.015
04:45:00 12-01-2018 0C100000 121.833 97127 117787 12.400 14.200 0.705 0.698 737.317
04:46:00 12-01-2018 0C100000 119.625 97121 117782 11.900 15.500 0.706 0.699 737.317
04:47:00 12-01-2018 0C100000 117.874 97183 117851 11.900 14.600 0.706 0.700 737.317
04:48:00 12-01-2018 0C100000 116.843 97145 117808 12.400 14.250 0.705 0.698 737.015
04:49:00 12-01-2018 0C100000 116.324 97134 117789 11.750 13.800 0.708 0.700 737.317
04:50:00 12-01-2018 0C100000 115.738 97178 117848 12.700 14.800 0.707 0.700 737.317
04:51:00 12-01-2018 0C100000 115.612 97139 117798 11.750 14.800 0.705 0.698 737.015
04:52:00 12-01-2018 0C100000 115.636 97160 117823 11.850 14.400 0.706 0.700 737.317
04:53:00 12-01-2018 0C100000 115.830 97197 117873 12.700 13.900 0.706 0.701 737.317
04:54:00 12-01-2018 0C100000 115.867 97176 117844 11.450 14.100 0.706 0.700 737.015
04:55:00 12-01-2018 0C100000 115.611 97229 117913 12.350 13.750 0.704 0.698 737.317
04:56:00 12-01-2018 0C100000 115.331 97207 117882 11.850 14.750 0.705 0.699 737.317
04:57:00 12-01-2018 0C100000 115.330 97187 117862 12.250 14.300 0.705 0.698 737.317
04:58:00 12-01-2018 0C100000 115.398 97164 117832 12.200 14.550 0.707 0.700 737.317
04:59:00 12-01-2018 0C100000 115.438 97169 117838 11.850 14.150 0.706 0.699 737.317
05:00:00 12-01-2018 0C100000 115.253 97165 117834 12.050 13.650 0.705 0.698 737.317
05:01:00 12-01-2018 0C100000 115.471 97216 117897 11.350 16.200 0.707 0.701 737.317
05:02:00 12-01-2018 0C100000 115.435 97221 117907 11.750 14.250 0.706 0.699 737.317
05:03:00 12-01-2018 0C100000 115.867 97183 117856 11.350 14.050 0.706 0.699 737.317
05:04:00 12-01-2018 0C100000 115.824 97112 117775 12.600 14.350 0.707 0.699 737.317
05:05:00 12-01-2018 0C100000 115.944 97115 117775 11.450 15.000 0.706 0.699 737.317
05:06:00 12-01-2018 0C100000 115.741 97148 117821 12.250 13.900 0.706 0.699 737.317
05:07:00 12-01-2018 0C100000 115.913 97201 117880 12.950 13.250 0.707 0.702 737.317
05:08:00 12-01-2018 0C100000 115.852 97159 117829 12.850 13.300 0.705 0.700 737.317
05:09:00 12-01-2018 0C100000 115.743 97110 117774 12.700 14.550 0.704 0.696 737.317
05:10:00 12-01-2018 0C100000 115.638 97078 117730 11.550 14.250 0.706 0.700 737.317
05:11:00 12-01-2018 0C100000 115.873 97082 117740 11.450 14.300 0.707 0.699 737.317
05:12:00 12-01-2018 0C100000 116.037 97080 117734 11.800 13.550 0.708 0.702 737.317
05:13:00 12-01-2018 0C100000 115.847 97109 117775 12.050 13.700 0.706 0.700 737.317
05:14:00 12-01-2018 0C100000 115.933 97151 117822 12.450 13.700 0.705 0.698 737.317
05:15:00 12-01-2018 0C100000 115.871 97117 117781 11.250 14.350 0.705 0.698 737.317
05:16:00 12-01-2018 0C100000 116.056 97068 117724 11.450 14.950 0.706 0.699 737.317
05:17:00 12-01-2018 0C100000 115.880 97052 117702 11.750 14.000 0.704 0.697 737.317
05:18:00 12-01-2018 0C100000 116.031 97052 117706 11.700 13.700 0.705 0.700 737.317
05:19:00 12-01-2018 0C100000 116.134 97045 117694 11.300 14.450 0.706 0.700 737.317
05:20:00 12-01-2018 0C100000 116.346 97082 117745 11.150 14.450 0.706 0.699 737.317
05:21:00 12-01-2018 0C100000 116.231 97074 117730 12.200 14.000 0.706 0.699 737.619
05:22:00 12-01-2018 0C100000 116.431 97006 117648 12.750 14.350 0.705 0.698 737.317
05:23:00 12-01-2018 0C100000 116.329 96983 117621 12.150 13.950 0.706 0.700 737.317
05:24:00 12-01-2018 0C100000 116.211 97075 117733 11.400 14.700 0.704 0.698 737.619
05:25:00 12-01-2018 0C100000 116.099 97023 117675 11.950 14.100 0.704 0.699 737.619
05:26:00 12-01-2018 0C100000 116.273 96980 117618 11.950 14.250 0.705 0.700 737.619
05:27:00 12-01-2018 0C100000 116.358 96982 117624 11.850 14.600 0.706 0.700 737.619
05:28:00 12-01-2018 0C100000 116.059 96960 117594 11.850 14.650 0.705 0.697 737.619
05:29:00 12-01-2018 0C100000 116.216 96916 117545 12.550 13.800 0.706 0.700 737.619
05:30:00 12-01-2018 0C100000 116.252 96942 117573 11.750 14.950 0.707 0.700 737.619
05:31:00 12-01-2018 0C100000 116.550 96984 117625 11.750 13.900 0.704 0.697 737.619
05:32:00 12-01-2018 0C100000 116.528 96936 117570 12.150 14.100 0.707 0.699 737.619
05:33:00 12-01-2018 0C100000 116.492 96890 117511 11.550 14.050 0.702 0.696 737.619
05:34:00 12-01-2018 0C100000 116.575 96949 117585 12.200 14.600 0.706 0.698 737.619
05:35:00 12-01-2018 0C100000 116.573 97000 117644 12.200 14.950 0.705 0.698 737.619
05:36:00 12-01-2018 0C100000 116.446 97042 117700 12.100 14.400 0.706 0.699 737.619
05:37:00 12-01-2018 0C100000 116.386 97013 117659 11.850 14.450 0.707 0.700 737.619
05:38:00 12-01-2018 0C100000 116.422 97022 117671 12.150 15.550 0.705 0.698 737.619
05:39:00 12-01-2018 0C100000 116.138 97015 117665 13.000 14.900 0.702 0.697 737.619
05:40:00 12-01-2018 0C100000 116.546 96951 117584 11.650 14.100 0.705 0.699 737.619
05:41:00 12-01-2018 0C100000 116.515 96975 117618 12.000 15.800 0.706 0.701 737.619
05:42:00 12-01-2018 0C100000 116.512 97013 117661 12.350 13.550 0.705 0.698 737.619
05:43:00 12-01-2018 0C100000 117.638 97036 117699 11.600 14.600 0.706 0.699 737.619
05:44:00 12-01-2018 0C100000 122.987 97014 117675 13.000 14.600 0.707 0.700 737.619
05:45:00 12-01-2018 0C100000 127.441 96993 117652 12.550 15.800 0.709 0.702 737.619
05:46:00 12-01-2018 0C100000 129.137 96898 117538 13.950 17.400 0.705 0.698 737.619
05:47:00 12-01-2018 0C100000 129.930 96878 117515 12.600 16.200 0.706 0.698 737.619
05:48:00 12-01-2018 0C100000 130.425 96862 117500 13.350 15.200 0.704 0.697 737.619
05:49:00 12-01-2018 0C100000 130.498 96893 117534 13.350 15.400 0.706 0.699 737.921
05:50:00 12-01-2018 0C100000 129.997 96966 117622 12.900 16.000 0.705 0.699 737.619
05:51:00 12-01-2018 0C100000 125.191 96922 117558 12.450 15.400 0.705 0.698 737.619
05:52:00 12-01-2018 0C100000 120.855 96938 117579 12.150 14.550 0.707 0.700 737.619
05:53:00 12-01-2018 0C100000 118.573 96939 117575 12.250 13.800 0.706 0.699 737.619
05:54:00 12-01-2018 0C100000 117.395 96922 117556 11.050 15.200 0.706 0.700 737.619
05:55:00 12-01-2018 0C100000 117.324 96971 117616 12.100 14.150 0.708 0.700 737.619
05:56:00 12-01-2018 0C100000 117.230 96953 117593 12.000 14.450 0.705 0.698 737.619
05:57:00 12-01-2018 0C100000 117.062 96939 117579 12.200 14.100 0.705 0.698 737.619
05:58:00 12-01-2018 0C100000 117.033 96925 117558 12.400 14.950 0.706 0.700 737.619
05:59:00 12-01-2018 0C100000 116.801 96904 117538 11.600 13.850 0.705 0.699 737.619
06:00:00 12-01-2018 0C100000 116.503 96925 117560 11.750 13.850 0.706 0.700 737.619
06:01:00 12-01-2018 0C100000 116.590 96860 117481 12.200 14.700 0.705 0.698 737.619
06:02:00 12-01-2018 0C100000 116.958 96892 117525 11.550 15.000 0.704 0.697 737.921
06:03:00 12-01-2018 0C100000 117.646 96890 117518 12.900 13.900 0.706 0.700 737.921
06:04:00 12-01-2018 0C100000 118.566 96891 117525 12.150 13.900 0.705 0.700 737.619
06:05:00 12-01-2018 0C100000 118.899 96946 117586 12.550 14.900 0.703 0.698 737.619
06:06:00 12-01-2018 0C100000 118.751 96886 117519 12.050 14.150 0.706 0.700 737.921
06:07:00 12-01-2018 0C100000 118.933 96902 117536 12.700 14.200 0.706 0.699 737.921
06:08:00 12-01-2018 0C100000 119.040 96892 117523 12.450 13.700 0.706 0.700 737.921
06:09:00 12-01-2018 0C100000 119.044 96879 117509 12.850 14.100 0.706 0.699 737.921
06:10:00 12-01-2018 0C100000 118.943 96896 117528 12.400 15.600 0.707 0.700 737.921
06:11:00 12-01-2018 0C100000 118.949 96933 117578 12.400 14.450 0.704 0.697 737.921
06:12:00 12-01-2018 0C100000 118.916 96938 117579 12.450 14.350 0.707 0.701 737.921
06:13:00 12-01-2018 0C100000 119.062 96930 117573 12.150 14.600 0.706 0.699 737.619
06:14:00 12-01-2018 0C100000 118.815 96951 117595 12.700 14.700 0.706 0.700 737.921
06:15:00 12-01-2018 0C100000 118.731 96924 117568 11.800 14.200 0.703 0.697 737.921
06:16:00 12-01-2018 0C100000 118.754 96916 117554 13.850 15.100 0.707 0.701 737.921
06:17:00 12-01-2018 0C100000 118.840 96933 117574 12.550 14.050 0.706 0.700 738.224
06:18:00 12-01-2018 0C100000 118.614 96896 117533 12.250 14.450 0.706 0.700 738.224
06:19:00 12-01-2018 0C100000 118.743 96877 117508 12.200 14.100 0.705 0.696 737.921
06:20:00 12-01-2018 0C100000 118.736 96928 117573 12.350 14.050 0.706 0.700 737.921
06:21:00 12-01-2018 0C100000 119.115 96977 117627 12.900 15.350 0.707 0.700 738.224
06:22:00 12-01-2018 0C100000 119.148 96924 117567 11.700 15.150 0.707 0.701 737.921
06:23:00 12-01-2018 0C100000 119.010 96930 117572 12.800 14.700 0.706 0.699 737.921
06:24:00 12-01-2018 0C100000 118.816 96930 117572 11.950 14.250 0.703 0.697 737.921
06:25:00 12-01-2018 0C100000 119.085 96903 117544 12.500 15.500 0.706 0.699 738.224
06:26:00 12-01-2018 0C100000 119.052 96895 117530 12.550 14.900 0.706 0.700 737.921
06:27:00 12-01-2018 0C100000 119.023 96880 117516 11.550 14.900 0.704 0.696 738.224
06:28:00 12-01-2018 0C100000 119.108 96879 117512 12.500 14.350 0.706 0.700 738.224
06:29:00 12-01-2018 0C100000 119.177 96897 117537 11.850 14.200 0.706 0.700 738.224
06:30:00 12-01-2018 0C100000 118.818 96894 117531 11.900 14.300 0.703 0.696 738.224
06:31:00 12-01-2018 0C100000 119.251 96874 117506 12.000 16.000 0.706 0.700 738.224
06:32:00 12-01-2018 0C100000 119.178 96844 117470 12.100 14.600 0.705 0.699 738.224
06:33:00 12-01-2018 0C100000 119.095 96864 117494 12.100 13.950 0.706 0.699 738.224
06:34:00 12-01-2018 0C100000 119.162 96881 117520 12.200 14.350 0.707 0.701 737.921
06:35:00 12-01-2018 0C100000 119.116 96916 117559 12.500 15.050 0.706 0.700 738.224
06:36:00 12-01-2018 0C100000 119.037 96870 117505 12.000 14.650 0.706 0.700 737.921
06:37:00 12-01-2018 0C100000 119.379 96915 117555 13.350 13.450 0.705 0.698 738.224
06:38:00 12-01-2018 0C100000 119.268 96920 117563 11.850 15.150 0.705 0.700 738.224
06:39:00 12-01-2018 0C100000 118.967 96919 117561 12.350 13.950 0.706 0.700 738.224
06:40:00 12-01-2018 0C100000 118.922 96900 117540 12.150 14.550 0.703 0.698 738.224
06:41:00 12-01-2018 0C100000 119.170 96822 117448 11.950 15.500 0.706 0.700 738.224
06:42:00 12-01-2018 0C100000 119.072 96830 117454 12.950 14.150 0.706 0.700 738.224
06:43:00 12-01-2018 0C100000 119.146 96888 117530 12.950 15.200 0.707 0.701 738.224
06:44:00 12-01-2018 0C100000 119.340 96873 117507 12.750 13.950 0.706 0.700 738.224
06:45:00 12-01-2018 0C100000 119.374 96897 117539 12.400 14.850 0.706 0.700 738.224
06:46:00 12-01-2018 0C100000 119.079 96882 117518 12.300 14.350 0.706 0.699 738.224
06:47:00 12-01-2018 0C100000 119.278 96908 117551 12.650 15.050 0.705 0.699 738.224
06:48:00 12-01-2018 0C100000 119.468 96877 117518 12.750 14.650 0.706 0.700 738.526
06:49:00 12-01-2018 0C100000 119.341 96902 117545 12.450 15.050 0.707 0.699 738.526
06:50:00 12-01-2018 0C100000 119.133 96875 117516 13.000 13.250 0.703 0.696 738.224
06:51:00 12-01-2018 0C100000 118.936 96904 117548 11.450 14.700 0.707 0.700 738.526
06:52:00 12-01-2018 0C100000 119.260 96864 117504 12.150 14.350 0.705 0.698 738.224
06:53:00 12-01-2018 0C100000 119.431 96927 117575 12.250 14.450 0.705 0.698 738.526
06:54:00 12-01-2018 0C100000 119.447 96879 117519 13.300 15.500 0.709 0.700 738.526
06:55:00 12-01-2018 0C100000 119.202 96866 117502 12.250 14.750 0.706 0.699 738.526
06:56:00 12-01-2018 0C100000 119.213 96868 117505 11.300 15.400 0.707 0.700 738.526
06:57:00 12-01-2018 0C100000 119.078 96832 117465 11.850 13.750 0.707 0.700 738.526
06:58:00 12-01-2018 0C100000 119.205 96802 117425 12.550 14.800 0.707 0.700 738.828
06:59:00 12-01-2018 0C100000 119.150 96805 117433 11.700 14.650 0.706 0.700 738.526
07:00:00 12-01-2018 0C100000 119.246 96870 117511 12.150 14.750 0.707 0.701 738.526
07:01:00 12-01-2018 0C100000 119.044 96835 117471 11.900 14.800 0.704 0.696 738.828
07:02:00 12-01-2018 0C100000 119.419 96821 117451 12.550 15.000 0.706 0.702 738.828
07:03:00 12-01-2018 0C100000 119.192 96847 117482 11.950 14.650 0.707 0.700 738.828
07:04:00 12-01-2018 0C100000 119.147 96883 117530 12.700 14.500 0.707 0.699 738.526
07:05:00 12-01-2018 0C100000 118.989 96927 117578 13.050 15.100 0.706 0.700 738.828
07:06:00 12-01-2018 0C100000 119.027 96968 117632 13.150 14.100 0.707 0.702 738.828
07:07:00 12-01-2018 0C100000 119.130 96928 117579 12.100 14.550 0.706 0.701 738.828
07:08:00 12-01-2018 0C100000 118.807 96924 117579 12.700 15.100 0.706 0.700 738.828
07:09:00 12-01-2018 0C100000 118.765 96910 117561 12.500 13.400 0.706 0.700 738.526
07:10:00 12-01-2018 0C100000 118.451 96932 117583 12.000 14.800 0.707 0.700 738.828
07:11:00 12-01-2018 0C100000 118.821 96883 117528 11.800 14.550 0.707 0.700 738.526
07:12:00 12-01-2018 0C100000 119.393 96878 117524 12.750 14.800 0.706 0.702 738.828
07:13:00 12-01-2018 0C100000 123.552 96881 117537 12.450 15.300 0.706 0.699 738.828
07:14:00 12-01-2018 0C100000 126.120 96833 117474 11.750 16.200 0.706 0.701 738.828
07:15:00 12-01-2018 0C100000 125.908 96873 117525 12.050 14.900 0.706 0.699 738.828
07:16:00 12-01-2018 0C100000 122.206 96938 117595 12.250 14.200 0.707 0.700 738.828
07:17:00 12-01-2018 0C100000 120.155 96890 117535 12.600 15.150 0.707 0.701 738.828
07:18:00 12-01-2018 0C100000 119.467 96937 117592 12.350 14.250 0.706 0.701 738.828
07:19:00 12-01-2018 0C100000 119.586 96955 117614 13.450 15.850 0.707 0.700 738.828
07:20:00 12-01-2018 0C100000 119.716 96900 117553 12.600 14.450 0.705 0.698 739.130
07:21:00 12-01-2018 0C100000 119.864 96896 117543 13.600 15.050 0.707 0.701 739.130
07:22:00 12-01-2018 0C100000 119.884 96935 117595 12.250 15.050 0.708 0.701 739.130
07:23:00 12-01-2018 0C100000 119.585 96899 117546 12.200 14.400 0.707 0.699 739.130
07:24:00 12-01-2018 0C100000 119.643 96892 117544 11.650 14.850 0.706 0.700 739.130
07:25:00 12-01-2018 0C100000 119.478 96922 117575 12.450 14.500 0.707 0.700 739.130
07:26:00 12-01-2018 0C100000 119.563 96902 117553 12.950 13.200 0.707 0.701 739.432
07:27:00 12-01-2018 0C100000 119.558 96902 117557 11.850 14.500 0.707 0.700 739.432
07:28:00 12-01-2018 0C100000 119.702 96901 117551 12.500 14.650 0.704 0.697 739.432
07:29:00 12-01-2018 0C100000 119.653 96913 117570 10.850 15.350 0.707 0.698 739.432
07:30:00 12-01-2018 0C100000 119.584 96930 117586 12.350 15.050 0.706 0.701 739.734
07:31:00 12-01-2018 0C100000 119.400 96900 117550 11.950 14.500 0.707 0.701 739.432
07:32:00 12-01-2018 0C100000 119.422 96942 117600 12.850 13.450 0.707 0.700 739.432
07:33:00 12-01-2018 0C100000 119.487 96930 117587 12.500 14.800 0.707 0.699 739.432
07:34:00 12-01-2018 0C100000 119.582 96935 117597 12.550 14.550 0.707 0.700 739.432
07:35:00 12-01-2018 0C100000 119.233 96933 117590 12.250 14.400 0.707 0.700 739.432
07:36:00 12-01-2018 0C100000 118.981 96925 117586 13.100 13.500 0.707 0.701 739.432
07:37:00 12-01-2018 0C100000 119.287 96945 117606 12.100 15.000 0.707 0.700 739.432
07:38:00 12-01-2018 0C100000 119.237 96945 117609 12.500 14.750 0.708 0.700 739.432
07:39:00 12-01-2018 0C100000 119.230 96930 117587 12.300 14.400 0.706 0.699 739.432
07:40:00 12-01-2018 0C100000 119.130 96922 117578 11.950 14.450 0.708 0.702 739.432
07:41:00 12-01-2018 0C100000 118.955 96960 117622 11.950 15.500 0.707 0.700 739.432
07:42:00 12-01-2018 0C100000 119.576 96971 117636 11.950 15.250 0.708 0.701 739.432
07:43:00 12-01-2018 0C100000 119.978 96972 117642 12.000 14.750 0.706 0.700 739.432
07:44:00 12-01-2018 0C100000 120.581 96946 117607 12.000 15.500 0.705 0.697 739.432
07:45:00 12-01-2018 0C100000 121.025 96976 117648 11.900 14.500 0.707 0.700 739.432
07:46:00 12-01-2018 0C100000 122.128 97002 117678 12.700 14.550 0.706 0.698 739.432
07:47:00 12-01-2018 0C100000 122.519 96996 117674 12.500 14.450 0.707 0.700 739.432
07:48:00 12-01-2018 0C100000 122.805 96986 117657 12.950 14.550 0.705 0.699 739.432
07:49:00 12-01-2018 0C100000 122.592 96961 117627 11.800 16.750 0.707 0.700 739.432
07:50:00 12-01-2018 0C100000 122.816 96973 117646 12.450 14.550 0.706 0.700 739.432
07:51:00 12-01-2018 0C100000 122.467 96977 117647 12.600 14.250 0.707 0.702 739.432
07:52:00 12-01-2018 0C100000 122.763 96937 117603 12.700 14.950 0.708 0.700 739.432
07:53:00 12-01-2018 0C100000 122.536 96923 117581 12.650 15.000 0.706 0.701 739.432
07:54:00 12-01-2018 0C100000 122.928 96933 117598 12.400 14.500 0.707 0.700 739.432
07:55:00 12-01-2018 0C100000 123.274 96955 117621 13.150 14.350 0.707 0.700 739.432
07:56:00 12-01-2018 0C100000 124.168 97000 117677 13.450 14.400 0.707 0.701 739.734
07:57:00 12-01-2018 0C100000 123.937 96992 117672 12.900 14.300 0.706 0.700 739.432
07:58:00 12-01-2018 0C100000 123.653 96965 117633 12.750 15.100 0.705 0.698 739.432
07:59:00 12-01-2018 0C100000 123.610 96916 117578 11.950 15.950 0.706 0.700 739.432
08:00:00 12-01-2018 0C100000 123.607 96975 117645 12.250 15.600 0.704 0.698 739.734
08:01:00 12-01-2018 0C100000 123.622 96945 117613 12.500 15.400 0.706 0.700 739.432
08:02:00 12-01-2018 0C100000 123.874 96947 117611 12.650 15.250 0.709 0.702 739.432
08:03:00 12-01-2018 0C100000 124.106 96951 117617 12.800 15.450 0.707 0.700 739.432
08:04:00 12-01-2018 0C100000 123.906 96951 117617 12.900 14.750 0.705 0.699 739.734
08:05:00 12-01-2018 0C100000 124.055 96973 117643 12.000 16.100 0.706 0.699 739.432
08:06:00 12-01-2018 0C100000 124.191 97025 117713 12.800 15.950 0.707 0.701 739.734
08:07:00 12-01-2018 0C100000 123.932 96979 117652 12.550 16.050 0.707 0.700 739.734
08:08:00 12-01-2018 0C100000 124.032 96946 117617 12.700 15.050 0.706 0.701 739.734
08:09:00 12-01-2018 0C100000 124.130 97005 117685 13.400 14.750 0.705 0.698 739.734
08:10:00 12-01-2018 0C100000 123.929 96991 117672 12.450 15.250 0.707 0.700 739.734
08:11:00 12-01-2018 0C100000 124.244 96991 117667 13.050 14.850 0.707 0.700 739.734
08:12:00 12-01-2018 0C100000 124.424 96977 117650 11.950 16.100 0.706 0.698 739.734
08:13:00 12-01-2018 0C100000 124.565 96945 117615 12.250 15.750 0.708 0.702 739.734
08:14:00 12-01-2018 0C100000 124.223 96947 117614 13.350 14.150 0.707 0.701 739.734
08:15:00 12-01-2018 0C100000 124.471 96973 117649 12.500 16.600 0.707 0.701 739.734
08:16:00 12-01-2018 0C100000 124.287 96965 117636 12.600 15.850 0.707 0.700 739.734
08:17:00 12-01-2018 0C100000 124.354 96920 117586 12.400 16.550 0.707 0.699 739.734
08:18:00 12-01-2018 0C100000 124.294 96968 117640 12.600 15.100 0.704 0.699 740.037
08:19:00 12-01-2018 0C100000 124.163 96973 117645 13.400 14.550 0.707 0.700 740.037
08:20:00 12-01-2018 0C100000 123.932 96934 117602 12.950 14.950 0.706 0.699 739.734
08:21:00 12-01-2018 0C100000 124.370 96936 117602 13.350 14.800 0.707 0.700 740.037
08:22:00 12-01-2018 0C100000 124.363 96977 117655 12.750 14.450 0.708 0.700 739.734
08:23:00 12-01-2018 0C100000 124.294 96950 117618 13.150 14.400 0.707 0.702 740.037
08:24:00 12-01-2018 0C100000 124.346 96984 117664 12.650 15.000 0.707 0.701 740.037
08:25:00 12-01-2018 0C100000 124.472 96960 117630 12.200 15.500 0.707 0.700 739.734
08:26:00 12-01-2018 0C100000 124.394 97056 117748 13.450 15.050 0.708 0.700 739.734
08:27:00 12-01-2018 0C100000 124.465 97014 117699 12.850 15.250 0.706 0.701 740.037
08:28:00 12-01-2018 0C100000 124.860 97009 117691 12.700 14.750 0.706 0.699 740.037
08:29:00 12-01-2018 0C100000 124.697 97002 117689 12.950 14.550 0.708 0.700 739.734
08:30:00 12-01-2018 0C100000 124.810 97003 117686 13.100 15.150 0.706 0.699 740.037
08:31:00 12-01-2018 0C100000 124.946 96975 117652 13.100 16.900 0.707 0.699 739.734
08:32:00 12-01-2018 0C100000 124.458 96928 117591 12.700 14.900 0.705 0.700 740.037
08:33:00 12-01-2018 0C100000 124.828 96996 117680 12.850 14.350 0.708 0.700 739.734
08:34:00 12-01-2018 0C100000 124.511 97092 117792 13.550 15.550 0.706 0.700 740.037
08:35:00 12-01-2018 0C100000 124.299 97062 117755 12.450 15.950 0.705 0.698 739.734
08:36:00 12-01-2018 0C100000 123.943 96959 117626 12.450 15.650 0.708 0.701 739.734
08:37:00 12-01-2018 0C100000 109.448 97035 117691 12.500 13.250 0.708 0.702 739.734
08:38:00 12-01-2018 0C100000 95.244 97057 117715 9.400 11.900 0.708 0.701 739.734
08:39:00 12-01-2018 0C100000 92.380 97061 117718 9.500 11.700 0.705 0.698 740.037
08:40:00 12-01-2018 0C100000 93.394 97061 117723 9.500 11.650 0.707 0.700 739.734
08:41:00 12-01-2018 0C100000 94.927 97087 117753 10.050 12.500 0.705 0.698 740.037
08:42:00 12-01-2018 0C100000 96.001 97123 117799 10.050 12.750 0.706 0.701 739.734
08:43:00 12-01-2018 0C100000 96.717 97115 117793 9.800 12.550 0.708 0.702 739.734
08:44:00 12-01-2018 0C100000 97.409 97085 117753 11.000 12.600 0.707 0.701 740.037
08:45:00 12-01-2018 0C100000 97.784 97088 117760 10.400 11.950 0.706 0.700 740.037
08:46:00 12-01-2018 0C100000 98.182 97052 117714 10.850 12.150 0.707 0.700 740.037
08:47:00 12-01-2018 0C100000 98.329 97055 117722 10.250 12.400 0.705 0.698 740.037
08:48:00 12-01-2018 0C100000 98.523 97061 117725 10.300 12.400 0.707 0.701 740.037
08:49:00 12-01-2018 0C100000 98.753 97004 117656 10.150 12.350 0.708 0.701 740.037
08:50:00 12-01-2018 0C100000 98.838 97060 117725 11.500 11.600 0.708 0.700 740.339
08:51:00 12-01-2018 0C100000 99.078 97083 117753 10.400 12.750 0.706 0.698 740.339
08:52:00 12-01-2018 0C100000 98.517 97084 117757 10.500 10.950 0.709 0.702 740.339
08:53:00 12-01-2018 0C100000 98.714 97059 117724 10.550 12.150 0.708 0.701 740.339
08:54:00 12-01-2018 0C100000 98.512 97032 117695 10.150 12.250 0.707 0.700 740.339
08:55:00 12-01-2018 0C100000 98.502 97027 117685 10.100 12.350 0.706 0.699 740.339
08:56:00 12-01-2018 0C100000 98.651 96998 117653 11.350 12.700 0.707 0.700 740.339
08:57:00 12-01-2018 0C100000 98.622 97028 117688 11.050 12.200 0.706 0.702 740.641
08:58:00 12-01-2018 0C100000 98.690 97005 117659 10.650 11.950 0.709 0.701 740.339
08:59:00 12-01-2018 0C100000 98.624 97035 117698 10.050 12.150 0.707 0.701 740.641
09:00:00 12-01-2018 0C100000 98.618 97051 117716 10.650 11.950 0.708 0.700 740.339
09:01:00 12-01-2018 0C100000 98.689 97083 117755 10.000 12.250 0.707 0.701 740.641
09:02:00 12-01-2018 0C100000 98.341 97024 117680 10.700 12.300 0.705 0.699 740.641
09:03:00 12-01-2018 0C100000 98.747 97033 117698 10.450 11.700 0.706 0.702 740.641
09:04:00 12-01-2018 0C100000 98.751 97031 117692 10.450 11.950 0.706 0.699 740.641
09:05:00 12-01-2018 0C100000 98.856 97008 117662 10.050 12.900 0.707 0.700 740.641
09:06:00 12-01-2018 0C100000 98.937 96977 117630 9.800 13.000 0.708 0.700 740.641
09:07:00 12-01-2018 0C100000 98.642 97019 117678 11.600 11.950 0.707 0.700 740.641
09:08:00 12-01-2018 0C100000 98.580 96992 117648 10.750 11.950 0.705 0.699 740.641
09:09:00 12-01-2018 0C100000 98.925 97001 117655 10.450 11.350 0.707 0.701 740.641
09:10:00 12-01-2018 0C100000 98.691 97027 117689 11.450 11.550 0.707 0.700 740.641
09:11:00 12-01-2018 0C100000 98.804 97031 117692 10.600 11.650 0.707 0.700 740.339
09:12:00 12-01-2018 0C100000 98.882 97021 117679 10.700 12.000 0.705 0.698 740.641
09:13:00 12-01-2018 0C100000 98.945 96982 117630 10.400 12.650 0.707 0.699 740.641
09:14:00 12-01-2018 0C100000 98.985 96986 117636 10.550 13.050 0.708 0.700 740.339
09:15:00 12-01-2018 0C100000 98.729 96996 117651 10.050 12.200 0.708 0.701 740.641
09:16:00 12-01-2018 0C100000 99.209 97047 117711 10.100 12.600 0.707 0.700 740.641
09:17:00 12-01-2018 0C100000 99.246 97025 117687 10.000 11.700 0.708 0.701 740.339
09:18:00 12-01-2018 0C100000 99.328 97008 117664 10.600 11.900 0.708 0.701 740.339
09:19:00 12-01-2018 0C100000 99.522 97036 117700 9.900 12.300 0.708 0.702 740.641
09:20:00 12-01-2018 0C100000 98.822 97024 117688 10.700 12.050 0.708 0.704 745.174
09:21:00 12-01-2018 0C100000 99.650 97043 117706 9.850 12.950 0.707 0.701 741.245
09:22:00 12-01-2018 0C100000 101.996 97046 117717 10.850 12.250 0.705 0.698 740.339
09:23:00 12-01-2018 0C100000 103.660 97012 117669 9.950 12.600 0.706 0.701 740.339
09:24:00 12-01-2018 0C100000 101.955 97060 117729 10.750 12.400 0.710 0.701 740.339
09:25:00 12-01-2018 0C100000 100.568 97064 117730 10.400 11.800 0.707 0.700 740.339
09:26:00 12-01-2018 0C100000 99.786 97065 117734 10.450 12.650 0.705 0.698 740.339
09:27:00 12-01-2018 0C100000 99.558 97034 117695 10.100 13.350 0.706 0.698 740.339
09:28:00 12-01-2018 0C100000 99.471 97050 117714 10.500 11.600 0.707 0.699 740.339
09:29:00 12-01-2018 0C100000 99.389 97003 117660 10.100 11.950 0.707 0.701 740.339
09:30:00 12-01-2018 0C100000 99.899 97011 117666 10.100 11.550 0.707 0.702 740.641
09:31:00 12-01-2018 0C100000 100.027 97019 117681 10.200 12.350 0.708 0.700 740.339
09:32:00 12-01-2018 0C100000 99.937 97033 117692 10.450 12.150 0.705 0.699 740.641
09:33:00 12-01-2018 0C100000 100.274 96980 117632 11.750 12.400 0.707 0.701 740.641
09:34:00 12-01-2018 0C100000 100.165 96995 117647 10.450 12.050 0.707 0.701 740.641
09:35:00 12-01-2018 0C100000 100.151 97030 117690 11.600 11.750 0.707 0.700 740.641
09:36:00 12-01-2018 0C100000 100.015 97031 117693 11.050 12.150 0.707 0.701 740.641
09:37:00 12-01-2018 0C100000 100.227 97056 117722 9.700 12.500 0.706 0.700 740.641
09:38:00 12-01-2018 0C100000 100.409 97069 117741 11.100 11.500 0.706 0.701 740.641
09:39:00 12-01-2018 0C100000 100.483 97041 117705 10.750 12.900 0.707 0.702 740.641
09:40:00 12-01-2018 0C100000 100.464 97049 117717 10.450 11.900 0.708 0.699 740.641
09:41:00 12-01-2018 0C100000 100.610 97034 117696 10.050 12.650 0.706 0.698 740.641
09:42:00 12-01-2018 0C100000 100.609 97001 117659 10.700 11.950 0.707 0.702 740.641
09:43:00 12-01-2018 0C100000 100.561 97043 117707 9.950 13.650 0.705 0.699 740.641
09:44:00 12-01-2018 0C100000 100.877 97052 117718 10.450 11.900 0.708 0.701 740.641
09:45:00 12-01-2018 0C100000 100.976 97048 117725 10.650 13.900 0.711 0.704 745.174
09:46:00 12-01-2018 0C100000 112.368 97006 117686 13.600 14.300 0.706 0.700 740.943
09:47:00 12-01-2018 0C100000 115.589 97031 117717 11.300 14.450 0.706 0.700 740.641
09:48:00 12-01-2018 0C100000 110.731 97037 117711 11.800 13.100 0.708 0.701 740.641
09:49:00 12-01-2018 0C100000 106.858 97057 117737 11.150 13.550 0.707 0.701 740.641
09:50:00 12-01-2018 0C100000 104.734 97044 117715 11.300 12.800 0.707 0.702 740.641
09:51:00 12-01-2018 0C100000 103.612 97069 117745 10.500 13.150 0.707 0.701 740.641
09:52:00 12-01-2018 0C100000 102.876 97062 117740 10.750 12.350 0.708 0.700 740.641
09:53:00 12-01-2018 0C100000 102.491 97107 117792 11.400 13.600 0.707 0.700 740.943
09:54:00 12-01-2018 0C100000 102.348 97103 117790 10.150 13.000 0.707 0.701 740.641
09:55:00 12-01-2018 0C100000 102.440 97058 117729 11.250 14.000 0.707 0.700 740.641
09:56:00 12-01-2018 0C100000 102.391 97050 117723 11.450 13.100 0.706 0.700 740.641
09:57:00 12-01-2018 0C100000 102.076 97099 117782 11.100 12.700 0.707 0.701 740.943
09:58:00 12-01-2018 0C100000 102.391 97039 117709 11.100 12.300 0.705 0.699 740.943
09:59:00 12-01-2018 0C100000 102.149 97051 117723 11.800 12.100 0.708 0.700 740.641
10:00:00 12-01-2018 0C100000 102.401 97057 117730 11.000 12.700 0.708 0.702 740.943
10:01:00 12-01-2018 0C100000 102.555 97081 117764 11.950 13.250 0.707 0.699 740.641
10:02:00 12-01-2018 0C100000 102.442 97124 117813 10.350 12.450 0.706 0.699 740.943
10:03:00 12-01-2018 0C100000 102.300 97068 117746 11.150 12.450 0.708 0.700 740.641
10:04:00 12-01-2018 0C100000 102.655 97079 117756 10.700 12.300 0.708 0.703 740.641
10:05:00 12-01-2018 0C100000 102.455 97049 117721 9.900 13.400 0.708 0.702 740.943
10:06:00 12-01-2018 0C100000 102.702 97084 117763 10.500 12.900 0.707 0.700 740.641
10:07:00 12-01-2018 0C100000 102.516 97117 117802 11.200 13.700 0.708 0.702 740.641
10:08:00 12-01-2018 0C100000 103.312 97111 117800 11.150 12.700 0.708 0.702 740.641
10:09:00 12-01-2018 0C100000 103.057 97073 117750 11.150 13.250 0.706 0.698 740.943
10:10:00 12-01-2018 0C100000 103.207 97065 117743 10.550 12.650 0.707 0.702 740.641
10:11:00 12-01-2018 0C100000 103.311 97065 117742 10.850 13.150 0.708 0.702 740.641
10:12:00 12-01-2018 0C100000 103.441 97097 117786 11.300 12.000 0.706 0.700 740.641
10:13:00 12-01-2018 0C100000 103.286 97128 117819 10.800 12.050 0.708 0.701 740.641
10:14:00 12-01-2018 0C100000 104.345 97135 117832 10.500 12.850 0.705 0.698 740.641
10:15:00 12-01-2018 0C100000 111.333 97152 117864 11.800 13.600 0.708 0.701 740.641
10:16:00 12-01-2018 0C100000 117.913 97170 117889 13.150 13.750 0.708 0.701 740.943
10:17:00 12-01-2018 0C100000 122.037 97111 117824 12.600 14.850 0.707 0.700 740.641
10:18:00 12-01-2018 0C100000 124.076 97129 117845 13.100 14.850 0.708 0.701 740.641
10:19:00 12-01-2018 0C100000 124.226 97089 117796 13.000 14.450 0.706 0.698 740.943
10:20:00 12-01-2018 0C100000 122.076 97041 117733 12.050 15.300 0.710 0.702 744.872
10:21:00 12-01-2018 0C100000 120.677 97048 117745 12.700 15.400 0.708 0.703 744.872
10:22:00 12-01-2018 0C100000 120.097 97038 117732 12.250 15.300 0.710 0.704 744.872
10:23:00 12-01-2018 0C100000 120.761 97080 117778 12.400 15.050 0.711 0.704 744.872
10:24:00 12-01-2018 0C100000 120.710 97068 117771 12.350 14.450 0.709 0.702 744.872
10:25:00 12-01-2018 0C100000 121.150 97076 117776 13.150 14.400 0.710 0.703 744.872
10:26:00 12-01-2018 0C100000 121.086 97083 117789 13.600 14.700 0.711 0.703 744.872
10:27:00 12-01-2018 0C100000 121.432 97118 117830 12.300 15.100 0.710 0.701 744.872
10:28:00 12-01-2018 0C100000 121.595 97131 117849 12.650 14.150 0.710 0.704 744.872
10:29:00 12-01-2018 0C100000 121.733 97102 117814 12.950 15.100 0.710 0.703 744.872
10:30:00 12-01-2018 0C100000 121.632 97100 117808 12.550 14.850 0.712 0.705 744.872
10:31:00 12-01-2018 0C100000 121.853 97097 117808 12.400 15.650 0.710 0.702 745.174
10:32:00 12-01-2018 0C100000 121.881 97109 117820 12.550 15.050 0.711 0.704 745.174
10:33:00 12-01-2018 0C100000 121.732 97099 117811 12.300 15.250 0.711 0.703 745.174
10:34:00 12-01-2018 0C100000 121.976 97127 117841 12.300 15.050 0.711 0.703 744.872
10:35:00 12-01-2018 0C100000 122.058 97091 117801 12.750 15.100 0.711 0.704 745.174
10:36:00 12-01-2018 0C100000 122.235 97079 117780 13.350 15.900 0.710 0.704 744.872
10:37:00 12-01-2018 0C100000 122.285 97066 117766 12.450 15.150 0.711 0.703 745.174
10:38:00 12-01-2018 0C100000 122.416 97038 117736 12.300 15.700 0.709 0.704 745.174
10:39:00 12-01-2018 0C100000 122.506 97056 117753 13.100 14.900 0.709 0.703 745.174
10:40:00 12-01-2018 0C100000 122.670 97075 117783 12.700 15.050 0.710 0.703 745.174
10:41:00 12-01-2018 0C100000 124.939 97069 117773 13.000 16.000 0.710 0.704 745.174
10:42:00 12-01-2018 0C100000 124.844 97106 117823 13.000 15.600 0.710 0.704 745.174
10:43:00 12-01-2018 0C100000 124.889 97084 117792 14.400 14.900 0.708 0.702 745.476
10:44:00 12-01-2018 0C100000 125.117 97030 117730 12.700 15.450 0.711 0.704 745.476
10:45:00 12-01-2018 0C100000 124.927 97037 117735 12.950 15.050 0.708 0.700 745.476
10:46:00 12-01-2018 0C100000 125.216 97043 117742 13.000 16.000 0.710 0.704 745.476
10:47:00 12-01-2018 0C100000 125.278 97018 117717 12.900 15.450 0.712 0.706 745.174
10:48:00 12-01-2018 0C100000 125.738 96996 117689 13.250 14.650 0.711 0.704 745.476
10:49:00 12-01-2018 0C100000 125.529 97031 117734 12.350 15.400 0.710 0.703 745.476
10:50:00 12-01-2018 0C100000 125.637 97086 117795 13.000 15.450 0.711 0.705 745.476
10:51:00 12-01-2018 0C100000 125.739 97110 117831 12.800 15.050 0.711 0.703 745.174
10:52:00 12-01-2018 0C100000 125.728 97105 117824 13.400 14.950 0.710 0.703 745.476
10:53:00 12-01-2018 0C100000 126.063 97171 117901 13.850 15.050 0.709 0.702 745.476
10:54:00 12-01-2018 0C100000 126.395 97104 117826 13.650 15.300 0.708 0.701 745.476
10:55:00 12-01-2018 0C100000 126.314 97114 117833 12.750 15.650 0.711 0.703 745.476
10:56:00 12-01-2018 0C100000 126.797 97093 117811 12.500 15.600 0.709 0.703 745.476
10:57:00 12-01-2018 0C100000 126.435 97104 117823 13.100 15.600 0.710 0.704 745.174
10:58:00 12-01-2018 0C100000 126.605 97091 117805 12.650 15.450 0.710 0.702 745.476
10:59:00 12-01-2018 0C100000 126.794 97080 117791 12.750 16.850 0.711 0.703 745.476
11:00:00 12-01-2018 0C100000 126.869 97106 117824 12.800 15.500 0.711 0.704 745.476
11:01:00 12-01-2018 0C100000 126.549 97073 117788 14.400 16.400 0.710 0.702 745.476
11:02:00 12-01-2018 0C100000 126.568 97070 117781 12.500 15.700 0.711 0.704 745.476
11:03:00 12-01-2018 0C100000 126.828 97122 117848 13.350 15.750 0.710 0.702 745.476
11:04:00 12-01-2018 0C100000 126.460 97076 117786 12.500 15.950 0.711 0.703 745.476
11:05:00 12-01-2018 0C100000 126.579 97081 117797 12.450 16.350 0.711 0.704 745.476
11:06:00 12-01-2018 0C100000 126.477 97037 117739 13.150 14.950 0.710 0.703 745.778
